4.672994e-02
4.685603e-02
4.692922e-02
4.690967e-02
4.683579e-02
4.678906e-02
4.673108e-02
4.676752e-02
4.683955e-02
4.692886e-02
4.702585e-02
4.705199e-02
4.711295e-02
4.712621e-02
4.708518e-02
4.696489e-02
4.690091e-02
4.689466e-02
4.687163e-02
4.689410e-02
4.688699e-02
4.686526e-02
4.679901e-02
4.665239e-02
4.657054e-02
4.644885e-02
4.643376e-02
4.639837e-02
4.628272e-02
4.635921e-02
4.633382e-02
4.629398e-02
4.615483e-02
4.618107e-02
4.616310e-02
4.613173e-02
4.615058e-02
4.615243e-02
4.638829e-02
4.654289e-02
4.660918e-02
4.684831e-02
4.694856e-02
4.700623e-02
4.708707e-02
4.715900e-02
4.684856e-02
4.702306e-02
4.708553e-02
4.712500e-02
4.713316e-02
4.711125e-02
4.730936e-02
4.711232e-02
4.704704e-02
4.694462e-02
4.690728e-02
4.680832e-02
4.698215e-02
4.709633e-02
4.709173e-02
4.698325e-02
4.710883e-02
4.687513e-02
4.701810e-02
4.690802e-02
4.680593e-02
4.689946e-02
4.698715e-02
4.706656e-02
4.731417e-02
4.749539e-02
4.763528e-02
4.766826e-02
4.766748e-02
4.755297e-02
4.722704e-02
4.742418e-02
4.739922e-02
4.739601e-02
4.725183e-02
4.719607e-02
4.729052e-02
4.726953e-02
4.745671e-02
4.743321e-02
4.742960e-02
4.738109e-02
4.723281e-02
4.730071e-02
4.728397e-02
4.728144e-02
4.714829e-02
4.720126e-02
4.713139e-02
4.716411e-02
4.722129e-02
4.729109e-02
4.715462e-02
4.714539e-02
4.703564e-02
4.696716e-02
4.703199e-02
4.689699e-02
4.687715e-02
4.683308e-02
4.675101e-02
4.675313e-02
4.691886e-02
4.691659e-02
4.684719e-02
4.671637e-02
4.664744e-02
4.650608e-02
4.651677e-02
4.653401e-02
4.658571e-02
4.684826e-02
4.703484e-02
4.708081e-02
4.697045e-02
4.685665e-02
4.676640e-02
4.664822e-02
4.664753e-02
4.664726e-02
4.675147e-02
4.673022e-02
4.665923e-02
4.657188e-02
4.649892e-02
4.644968e-02
4.645395e-02
4.645696e-02
4.648976e-02
4.652826e-02
4.659911e-02
4.664379e-02
4.664142e-02
4.659798e-02
4.653051e-02
4.651669e-02
4.648448e-02
4.650755e-02
4.653078e-02
4.650372e-02
4.646315e-02
4.635826e-02
4.624182e-02
4.614601e-02
4.608049e-02
4.610389e-02
4.617093e-02
4.625283e-02
4.630239e-02
4.633105e-02
4.635803e-02
4.634646e-02
4.630925e-02
4.627724e-02
4.626137e-02
4.631942e-02
4.637766e-02
4.642630e-02
4.645139e-02
4.652544e-02
4.660721e-02
4.666267e-02
4.679771e-02
4.689507e-02
4.701351e-02
4.706904e-02
4.709529e-02
4.706967e-02
4.701568e-02
4.700707e-02
4.698652e-02
4.705325e-02
4.712667e-02
4.718128e-02
4.725900e-02
4.729047e-02
4.734229e-02
4.741795e-02
4.742843e-02
4.744547e-02
4.743425e-02
4.741008e-02
4.739686e-02
4.735767e-02
4.736591e-02
4.738793e-02
4.743320e-02
4.751867e-02
4.755272e-02
4.758203e-02
4.762617e-02
4.768374e-02
4.776740e-02
4.781862e-02
4.784647e-02
4.787407e-02
4.787987e-02
4.788156e-02
4.787107e-02
4.784386e-02
4.779899e-02
4.775795e-02
4.771847e-02
4.769908e-02
4.766476e-02
4.766087e-02
4.764009e-02
4.761029e-02
4.759064e-02
4.758404e-02
4.758273e-02
4.760544e-02
4.761573e-02
4.764020e-02
4.767401e-02
4.766099e-02
4.762691e-02
4.763069e-02
4.766122e-02
4.766606e-02
4.766103e-02
4.764381e-02
4.763387e-02
4.761730e-02
4.759206e-02
4.752766e-02
4.746143e-02
4.739959e-02
4.733476e-02
4.729717e-02
4.728733e-02
4.727827e-02
4.727595e-02
4.723951e-02
4.721694e-02
4.719311e-02
4.718497e-02
4.719972e-02
4.723566e-02
4.727076e-02
4.729549e-02
4.731139e-02
4.733342e-02
4.728186e-02
4.726861e-02
4.715097e-02
4.714718e-02
4.711426e-02
4.709628e-02
4.714311e-02
4.717079e-02
4.713344e-02
4.699123e-02
4.682921e-02
4.671066e-02
4.663778e-02
4.669077e-02
4.674327e-02
4.669998e-02
4.663785e-02
4.649756e-02
4.644528e-02
4.641701e-02
4.638153e-02
4.635093e-02
4.631588e-02
4.635125e-02
4.635985e-02
4.639392e-02
4.637805e-02
4.635774e-02
4.634177e-02
4.634751e-02
4.643075e-02
4.648176e-02
4.648604e-02
4.644572e-02
4.646015e-02
4.651986e-02
4.659802e-02
4.666648e-02
4.668521e-02
4.673724e-02
4.675652e-02
4.671496e-02
4.663773e-02
4.651534e-02
4.647518e-02
4.643942e-02
4.646947e-02
4.649330e-02
4.652152e-02
4.654486e-02
4.651365e-02
4.649133e-02
4.647681e-02
4.650593e-02
4.654487e-02
4.660336e-02
4.660598e-02
4.658769e-02
4.652769e-02
4.649239e-02
4.649635e-02
4.650065e-02
4.650506e-02
4.654968e-02
4.654590e-02
4.663237e-02
4.668581e-02
4.672070e-02
4.670423e-02
4.668996e-02
4.668226e-02
4.669355e-02
4.670252e-02
4.672116e-02
4.675623e-02
4.680845e-02
4.690070e-02
4.696329e-02
4.696792e-02
4.692565e-02
4.686130e-02
4.682620e-02
4.683555e-02
4.687725e-02
4.687087e-02
4.684194e-02
4.682268e-02
4.681350e-02
4.676937e-02
4.671090e-02
4.671693e-02
4.682854e-02
4.696930e-02
4.701997e-02
4.703134e-02
4.692844e-02
4.681092e-02
4.677650e-02
4.681014e-02
4.678588e-02
4.673052e-02
4.666754e-02
4.663985e-02
4.672088e-02
4.674190e-02
4.669558e-02
4.660617e-02
4.654203e-02
4.648822e-02
4.651525e-02
4.653256e-02
4.649385e-02
4.643420e-02
4.639510e-02
4.639264e-02
4.640670e-02
4.643471e-02
4.648959e-02
4.655091e-02
4.663087e-02
4.663109e-02
4.662792e-02
4.655024e-02
4.646115e-02
4.636204e-02
4.628225e-02
4.623397e-02
4.621459e-02
4.620207e-02
4.621059e-02
4.618859e-02
4.620835e-02
4.615151e-02
4.604799e-02
4.592992e-02
4.590910e-02
4.587527e-02
4.587392e-02
4.585601e-02
4.584695e-02
4.584075e-02
4.581179e-02
4.577512e-02
4.574466e-02
4.576087e-02
4.574854e-02
4.576928e-02
4.571337e-02
4.575222e-02
4.579332e-02
4.581545e-02
4.589431e-02
4.588425e-02
4.588143e-02
4.585342e-02
4.592386e-02
4.601620e-02
4.604788e-02
4.602562e-02
4.602168e-02
4.599750e-02
4.602814e-02
4.609500e-02
4.608084e-02
4.602091e-02
4.597144e-02
4.593469e-02
4.597638e-02
4.600365e-02
4.602100e-02
4.602393e-02
4.599454e-02
4.601102e-02
4.599037e-02
4.600919e-02
4.595743e-02
4.589443e-02
4.590582e-02
4.596058e-02
4.604249e-02
4.608722e-02
4.608326e-02
4.602480e-02
4.596457e-02
4.591114e-02
4.583262e-02
4.572013e-02
4.571289e-02
4.570187e-02
4.571917e-02
4.575123e-02
4.583665e-02
4.582500e-02
4.583551e-02
4.582701e-02
4.583338e-02
4.598328e-02
4.607094e-02
4.623137e-02
4.639273e-02
4.645456e-02
4.642189e-02
4.641077e-02
4.650482e-02
4.659973e-02
4.663187e-02
4.659344e-02
4.656906e-02
4.647254e-02
4.644696e-02
4.630817e-02
4.633843e-02
4.638834e-02
4.645956e-02
4.642503e-02
4.640542e-02
4.630565e-02
4.623408e-02
4.628623e-02
4.625541e-02
4.622196e-02
4.619753e-02
4.617757e-02
4.622640e-02
4.627395e-02
4.629780e-02
4.622280e-02
4.612256e-02
4.601318e-02
4.603849e-02
4.609727e-02
4.613775e-02
4.614414e-02
4.612047e-02
4.607757e-02
4.603202e-02
4.603646e-02
4.604704e-02
4.605104e-02
4.600221e-02
4.597880e-02
4.601015e-02
4.608145e-02
4.617282e-02
4.620950e-02
4.620195e-02
4.615332e-02
4.613283e-02
4.614522e-02
4.619027e-02
4.623830e-02
4.626760e-02
4.624032e-02
4.622593e-02
4.631070e-02
4.635692e-02
4.646686e-02
4.649052e-02
4.654981e-02
4.652797e-02
4.650891e-02
4.643853e-02
4.647533e-02
4.652990e-02
4.658740e-02
4.659125e-02
4.652902e-02
4.647546e-02
4.644965e-02
4.646394e-02
4.648455e-02
4.652042e-02
4.658937e-02
4.664956e-02
4.669985e-02
4.668015e-02
4.661316e-02
4.658558e-02
4.659449e-02
4.662502e-02
4.666629e-02
4.670064e-02
4.674570e-02
4.681562e-02
4.689514e-02
4.688305e-02
4.687241e-02
4.675417e-02
4.674961e-02
4.680808e-02
4.691983e-02
4.694706e-02
4.691304e-02
4.677155e-02
4.669333e-02
4.670723e-02
4.663903e-02
4.670439e-02
4.670571e-02
4.674084e-02
4.678036e-02
4.683839e-02
4.688020e-02
4.680953e-02
4.671986e-02
4.661911e-02
4.667509e-02
4.669813e-02
4.674841e-02
4.674434e-02
4.672854e-02
4.668583e-02
4.676704e-02
4.685462e-02
4.694950e-02
4.698536e-02
4.702168e-02
4.707713e-02
4.712269e-02
4.714559e-02
4.713558e-02
4.710794e-02
4.710120e-02
4.709917e-02
4.706461e-02
4.705824e-02
4.704252e-02
4.702604e-02
4.702248e-02
4.702457e-02
4.699735e-02
4.698197e-02
4.700509e-02
4.702037e-02
4.702820e-02
4.700990e-02
4.699139e-02
4.697116e-02
4.691318e-02
4.692539e-02
4.687801e-02
4.683469e-02
4.679275e-02
4.675117e-02
4.675811e-02
4.679355e-02
4.682238e-02
4.676989e-02
4.667933e-02
4.653261e-02
4.642215e-02
4.635038e-02
4.628844e-02
4.624834e-02
4.624413e-02
4.624426e-02
4.624833e-02
4.626465e-02
4.633412e-02
4.636089e-02
4.639999e-02
4.628487e-02
4.624603e-02
4.621222e-02
4.624085e-02
4.630567e-02
4.636874e-02
4.633818e-02
4.630633e-02
4.629621e-02
4.627430e-02
4.631500e-02
4.632971e-02
4.631308e-02
4.631325e-02
4.631510e-02
4.629864e-02
4.627178e-02
4.617109e-02
4.613663e-02
4.616421e-02
4.617198e-02
4.615031e-02
4.607407e-02
4.609292e-02
4.605471e-02
4.608573e-02
4.606782e-02
4.608592e-02
4.605315e-02
4.603455e-02
4.592502e-02
4.594855e-02
4.588913e-02
4.587640e-02
4.579111e-02
4.572930e-02
4.571725e-02
4.569655e-02
4.565005e-02
4.557532e-02
4.557733e-02
4.558293e-02
4.562130e-02
4.566892e-02
4.566502e-02
4.567986e-02
4.568037e-02
4.563406e-02
4.564865e-02
4.565135e-02
4.564799e-02
4.566971e-02
4.571877e-02
4.575581e-02
4.577062e-02
4.576678e-02
4.579726e-02
4.581475e-02
4.584369e-02
4.591147e-02
4.596104e-02
4.606021e-02
4.610779e-02
4.616774e-02
4.621283e-02
4.625239e-02
4.630079e-02
4.631621e-02
4.634860e-02
4.635577e-02
4.647986e-02
4.652259e-02
4.650616e-02
4.648171e-02
4.632287e-02
4.617012e-02
4.613914e-02
4.614624e-02
4.620388e-02
4.617253e-02
4.615123e-02
4.609327e-02
4.602241e-02
4.608780e-02
4.610286e-02
4.608618e-02
4.609514e-02
4.614951e-02
4.619764e-02
4.625014e-02
4.620683e-02
4.620534e-02
4.617066e-02
4.621617e-02
4.622650e-02
4.624059e-02
4.624931e-02
4.625590e-02
4.624377e-02
4.630356e-02
4.623160e-02
4.612546e-02
4.599764e-02
4.595585e-02
4.597746e-02
4.593224e-02
4.587354e-02
4.575521e-02
4.567663e-02
4.565520e-02
4.559673e-02
4.557441e-02
4.553227e-02
4.547624e-02
4.547059e-02
4.547742e-02
4.550327e-02
4.554065e-02
4.561663e-02
4.569376e-02
4.573240e-02
4.574397e-02
4.570526e-02
4.565833e-02
4.564521e-02
4.564579e-02
4.564010e-02
4.567001e-02
4.574317e-02
4.587155e-02
4.600309e-02
4.614965e-02
4.624038e-02
4.628315e-02
4.630618e-02
4.637495e-02
4.638920e-02
4.635475e-02
4.633432e-02
4.632049e-02
4.634784e-02
4.636128e-02
4.634490e-02
4.629281e-02
4.622669e-02
4.615556e-02
4.612059e-02
4.611972e-02
4.609660e-02
4.609436e-02
4.613101e-02
4.620178e-02
4.634242e-02
4.645567e-02
4.652200e-02
4.653211e-02
4.649899e-02
4.646379e-02
4.639059e-02
4.642779e-02
4.648412e-02
4.650302e-02
4.640584e-02
4.630077e-02
4.623756e-02
4.621068e-02
4.622098e-02
4.620420e-02
4.615461e-02
4.613297e-02
4.610659e-02
4.612382e-02
4.617121e-02
4.614779e-02
4.606413e-02
4.597313e-02
4.582465e-02
4.573339e-02
4.583927e-02
4.586244e-02
4.586124e-02
4.579139e-02
4.572140e-02
4.570545e-02
4.571168e-02
4.570999e-02
4.567373e-02
4.562161e-02
4.551194e-02
4.553248e-02
4.552718e-02
4.546392e-02
4.543488e-02
4.541129e-02
4.541324e-02
4.546309e-02
4.547180e-02
4.554299e-02
4.550985e-02
4.552605e-02
4.548726e-02
4.544866e-02
4.537777e-02
4.531034e-02
4.526129e-02
4.518910e-02
4.516395e-02
4.516723e-02
4.517323e-02
4.522459e-02
4.523253e-02
4.525971e-02
4.527049e-02
4.532432e-02
4.535559e-02
4.551364e-02
4.566462e-02
4.577638e-02
4.584683e-02
4.589848e-02
4.598711e-02
4.606445e-02
4.617612e-02
4.615457e-02
4.608120e-02
4.604191e-02
4.598041e-02
4.600991e-02
4.610236e-02
4.615438e-02
4.620479e-02
4.624337e-02
4.629406e-02
4.632548e-02
4.634670e-02
4.639076e-02
4.640683e-02
4.643630e-02
4.639366e-02
4.642385e-02
4.643579e-02
4.645172e-02
4.639192e-02
4.631620e-02
4.628550e-02
4.631359e-02
4.626824e-02
4.634358e-02
4.631964e-02
4.631156e-02
4.632632e-02
4.631641e-02
4.627232e-02
4.624015e-02
4.618215e-02
4.614697e-02
4.612741e-02
4.613021e-02
4.614490e-02
4.614708e-02
4.615583e-02
4.616560e-02
4.625209e-02
4.629579e-02
4.634515e-02
4.629054e-02
4.627210e-02
4.625717e-02
4.630419e-02
4.634827e-02
4.635063e-02
4.634443e-02
4.633916e-02
4.635295e-02
4.636840e-02
4.641338e-02
4.646336e-02
4.654310e-02
4.658818e-02
4.662775e-02
4.665594e-02
4.673181e-02
4.681938e-02
4.691580e-02
4.695041e-02
4.694108e-02
4.692270e-02
4.688376e-02
4.681822e-02
4.676622e-02
4.674767e-02
4.678959e-02
4.682466e-02
4.683686e-02
4.679246e-02
4.674637e-02
4.672855e-02
4.674324e-02
4.672824e-02
4.675754e-02
4.676598e-02
4.676827e-02
4.679815e-02
4.682521e-02
4.682431e-02
4.686136e-02
4.678574e-02
4.682317e-02
4.674988e-02
4.670829e-02
4.665737e-02
4.666609e-02
4.670860e-02
4.660162e-02
4.661751e-02
4.657351e-02
4.656435e-02
4.656456e-02
4.656842e-02
4.658868e-02
4.662765e-02
4.666163e-02
4.671530e-02
4.671776e-02
4.673809e-02
4.672068e-02
4.668155e-02
4.656452e-02
4.651096e-02
4.646238e-02
4.644474e-02
4.643882e-02
4.641709e-02
4.631672e-02
4.619698e-02
4.612705e-02
4.611995e-02
4.611198e-02
4.606345e-02
4.602742e-02
4.597363e-02
4.593668e-02
4.593259e-02
4.592120e-02
4.592570e-02
4.593026e-02
4.594296e-02
4.596453e-02
4.595719e-02
4.599418e-02
4.604430e-02
4.615387e-02
4.617173e-02
4.620303e-02
4.626231e-02
4.630783e-02
4.643106e-02
4.650109e-02
4.658609e-02
4.662099e-02
4.663995e-02
4.663870e-02
4.663164e-02
4.661912e-02
4.664148e-02
4.667646e-02
4.674589e-02
4.674502e-02
4.674525e-02
4.671943e-02
4.667313e-02
4.667107e-02
4.666446e-02
4.666506e-02
4.671099e-02
4.678744e-02
4.688756e-02
4.692881e-02
4.697306e-02
4.698200e-02
4.698722e-02
4.699834e-02
4.697546e-02
4.694596e-02
4.697891e-02
4.696190e-02
4.696588e-02
4.696685e-02
4.699741e-02
4.703854e-02
4.709277e-02
4.711382e-02
4.702985e-02
4.704628e-02
4.706591e-02
4.701893e-02
4.702043e-02
4.693941e-02
4.695902e-02
4.696017e-02
4.698645e-02
4.699089e-02
4.696491e-02
4.693448e-02
4.690466e-02
4.685755e-02
4.684971e-02
4.681288e-02
4.684627e-02
4.683597e-02
4.681438e-02
4.672929e-02
4.667705e-02
4.659209e-02
4.657197e-02
4.652763e-02
4.642990e-02
4.636800e-02
4.638113e-02
4.636218e-02
4.629544e-02
4.622104e-02
4.608494e-02
4.601801e-02
4.606367e-02
4.604623e-02
4.604889e-02
4.597439e-02
4.597187e-02
4.596953e-02
4.590401e-02
4.588762e-02
4.589233e-02
4.589362e-02
4.589726e-02
4.595019e-02
4.596181e-02
4.596269e-02
4.596422e-02
4.605515e-02
4.609705e-02
4.612766e-02
4.616391e-02
4.621336e-02
4.622432e-02
4.624269e-02
4.619943e-02
4.618712e-02
4.621889e-02
4.630253e-02
4.632105e-02
4.633356e-02
4.632696e-02
4.632758e-02
4.634286e-02
4.636824e-02
4.634465e-02
4.630787e-02
4.629243e-02
4.627943e-02
4.628141e-02
4.627634e-02
4.630135e-02
4.631758e-02
4.633437e-02
4.629973e-02
4.629672e-02
4.629625e-02
4.633114e-02
4.636063e-02
4.633302e-02
4.627686e-02
4.622920e-02
4.615171e-02
4.613050e-02
4.614708e-02
4.612300e-02
4.605231e-02
4.605407e-02
4.608814e-02
4.611346e-02
4.606652e-02
4.602497e-02
4.595505e-02
4.589828e-02
4.587430e-02
4.582685e-02
4.583242e-02
4.590587e-02
4.602210e-02
4.614088e-02
4.618128e-02
4.618907e-02
4.613835e-02
4.608230e-02
4.604249e-02
4.600134e-02
4.603766e-02
4.610298e-02
4.622209e-02
4.627682e-02
4.631822e-02
4.627347e-02
4.619169e-02
4.607382e-02
4.601560e-02
4.599646e-02
4.612388e-02
4.619953e-02
4.628960e-02
4.621190e-02
4.614633e-02
4.609372e-02
4.609284e-02
4.613766e-02
4.618012e-02
4.618411e-02
4.611710e-02
4.611115e-02
4.609423e-02
4.607831e-02
4.608227e-02
4.605712e-02
4.604401e-02
4.601001e-02
4.598948e-02
4.600015e-02
4.605866e-02
4.613472e-02
4.622816e-02
4.629699e-02
4.634802e-02
4.636410e-02
4.641963e-02
4.646011e-02
4.647898e-02
4.649659e-02
4.653382e-02
4.654691e-02
4.650232e-02
4.647024e-02
4.643230e-02
4.640449e-02
4.641827e-02
4.643911e-02
4.648653e-02
4.647398e-02
4.640661e-02
4.636871e-02
4.629204e-02
4.633812e-02
4.638068e-02
4.643293e-02
4.650214e-02
4.649420e-02
4.639768e-02
4.638679e-02
4.643783e-02
4.647139e-02
4.652924e-02
4.649883e-02
4.656592e-02
4.664488e-02
4.668524e-02
4.667237e-02
4.661950e-02
4.651956e-02
4.652061e-02
4.654159e-02
4.654025e-02
4.648683e-02
4.641864e-02
4.642574e-02
4.647850e-02
4.652293e-02
4.652640e-02
4.654462e-02
4.658536e-02
4.666365e-02
4.667950e-02
4.671332e-02
4.664961e-02
4.663618e-02
4.659443e-02
4.660147e-02
4.668275e-02
4.681591e-02
4.695655e-02
4.704352e-02
4.705750e-02
4.703104e-02
4.701338e-02
4.699912e-02
4.693761e-02
4.691840e-02
4.690073e-02
4.698290e-02
4.704423e-02
4.702171e-02
4.701710e-02
4.692502e-02
4.677446e-02
4.665294e-02
4.659889e-02
4.664463e-02
4.672540e-02
4.677139e-02
4.679041e-02
4.677839e-02
4.680622e-02
4.682603e-02
4.684610e-02
4.691218e-02
4.694139e-02
4.694720e-02
4.694304e-02
4.691508e-02
4.693702e-02
4.695698e-02
4.694735e-02
4.693279e-02
4.698610e-02
4.698348e-02
4.694316e-02
4.689562e-02
4.686988e-02
4.688806e-02
4.690607e-02
4.687698e-02
4.686397e-02
4.681686e-02
4.680087e-02
4.678536e-02
4.682938e-02
4.680077e-02
4.670103e-02
4.662805e-02
4.667426e-02
4.678709e-02
4.685315e-02
4.681909e-02
4.674584e-02
4.662845e-02
4.654638e-02
4.656987e-02
4.660104e-02
4.662280e-02
4.659904e-02
4.657205e-02
4.656690e-02
4.649980e-02
4.650692e-02
4.653178e-02
4.654543e-02
4.653703e-02
4.647695e-02
4.645138e-02
4.640475e-02
4.639860e-02
4.645271e-02
4.650283e-02
4.659137e-02
4.660293e-02
4.664994e-02
4.664095e-02
4.671221e-02
4.680001e-02
4.688719e-02
4.691250e-02
4.693517e-02
4.695141e-02
4.693863e-02
4.691115e-02
4.689617e-02
4.682882e-02
4.677272e-02
4.679028e-02
4.685574e-02
4.685332e-02
4.690525e-02
4.694483e-02
4.693616e-02
4.691514e-02
4.687306e-02
4.680481e-02
4.678857e-02
4.680630e-02
4.683828e-02
4.684578e-02
4.683991e-02
4.678931e-02
4.672998e-02
4.667226e-02
4.666723e-02
4.667328e-02
4.670908e-02
4.674436e-02
4.679644e-02
4.680679e-02
4.679670e-02
4.670058e-02
4.662647e-02
4.660173e-02
4.659253e-02
4.659539e-02
4.659821e-02
4.657858e-02
4.662367e-02
4.666381e-02
4.672771e-02
4.677032e-02
4.681017e-02
4.680521e-02
4.675874e-02
4.673500e-02
4.670106e-02
4.668274e-02
4.665320e-02
4.664676e-02
4.670714e-02
4.672239e-02
4.675603e-02
4.674074e-02
4.669338e-02
4.656168e-02
4.651221e-02
4.641456e-02
4.647187e-02
4.648747e-02
4.660448e-02
4.659638e-02
4.650700e-02
4.637907e-02
4.624722e-02
4.612970e-02
4.603660e-02
4.603914e-02
4.614762e-02
4.618254e-02
4.622858e-02
4.630475e-02
4.633673e-02
4.631052e-02
4.624872e-02
4.620854e-02
4.626223e-02
4.629081e-02
4.632781e-02
4.634185e-02
4.631027e-02
4.624071e-02
4.620581e-02
4.619835e-02
4.616048e-02
4.617744e-02
4.615774e-02
4.614460e-02
4.623473e-02
4.625966e-02
4.624706e-02
4.620034e-02
4.616200e-02
4.609099e-02
4.609222e-02
4.607566e-02
4.607611e-02
4.603802e-02
4.608040e-02
4.616882e-02
4.628365e-02
4.634097e-02
4.636447e-02
4.647222e-02
4.652345e-02
4.661214e-02
4.661627e-02
4.660127e-02
4.661334e-02
4.665952e-02
4.668549e-02
4.668994e-02
4.673890e-02
4.675623e-02
4.677717e-02
4.677577e-02
4.678155e-02
4.689646e-02
4.694532e-02
4.708701e-02
4.715092e-02
4.717035e-02
4.723209e-02
4.730669e-02
4.739387e-02
4.745307e-02
4.743339e-02
4.734758e-02
4.725895e-02
4.719630e-02
4.720960e-02
4.723551e-02
4.729257e-02
4.737740e-02
4.740361e-02
4.734002e-02
4.728084e-02
4.724549e-02
4.726455e-02
4.725440e-02
4.720973e-02
4.719764e-02
4.722537e-02
4.723212e-02
4.719704e-02
4.712827e-02
4.710993e-02
4.707316e-02
4.704695e-02
4.707483e-02
4.711821e-02
4.716578e-02
4.716050e-02
4.709630e-02
4.700948e-02
4.689294e-02
4.683763e-02
4.681439e-02
4.675373e-02
4.672475e-02
4.662135e-02
4.657485e-02
4.659295e-02
4.662198e-02
4.664559e-02
4.670819e-02
4.673415e-02
4.679572e-02
4.684285e-02
4.689224e-02
4.694777e-02
4.699090e-02
4.696355e-02
4.694519e-02
4.690337e-02
4.690151e-02
4.692943e-02
4.701712e-02
4.704743e-02
4.704316e-02
4.702916e-02
4.697205e-02
4.694040e-02
4.688419e-02
4.683091e-02
4.686326e-02
4.687992e-02
4.686336e-02
4.686134e-02
4.684764e-02
4.683472e-02
4.675411e-02
4.669428e-02
4.663272e-02
4.660585e-02
4.662384e-02
4.664379e-02
4.662412e-02
4.659589e-02
4.654735e-02
4.652248e-02
4.646181e-02
4.643903e-02
4.648874e-02
4.646858e-02
4.642369e-02
4.635411e-02
4.627698e-02
4.619735e-02
4.614878e-02
4.609492e-02
4.609710e-02
4.612922e-02
4.612261e-02
4.619555e-02
4.620657e-02
4.622849e-02
4.619565e-02
4.624029e-02
4.627539e-02
4.631881e-02
4.635231e-02
4.643446e-02
4.651038e-02
4.658426e-02
4.656534e-02
4.657784e-02
4.652667e-02
4.649684e-02
4.658724e-02
4.655681e-02
4.651833e-02
4.646729e-02
4.649230e-02
4.658879e-02
4.666675e-02
4.671856e-02
4.668134e-02
4.657202e-02
4.650005e-02
4.648051e-02
4.650659e-02
4.647228e-02
4.647799e-02
4.647119e-02
4.646601e-02
4.639434e-02
4.633858e-02
4.631198e-02
4.628838e-02
4.625273e-02
4.622858e-02
4.625703e-02
4.632102e-02
4.636600e-02
4.644748e-02
4.639340e-02
4.633481e-02
4.622504e-02
4.620245e-02
4.622848e-02
4.629324e-02
4.626432e-02
4.621305e-02
4.623527e-02
4.620287e-02
4.613772e-02
4.606055e-02
4.603351e-02
4.597393e-02
4.598507e-02
4.598549e-02
4.604862e-02
4.609097e-02
4.615907e-02
4.611393e-02
4.607028e-02
4.604347e-02
4.608013e-02
4.609948e-02
4.612164e-02
4.622732e-02
4.627085e-02
4.635775e-02
4.640146e-02
4.637066e-02
4.637042e-02
4.641706e-02
4.642545e-02
4.644729e-02
4.644407e-02
4.653650e-02
4.662475e-02
4.668925e-02
4.662514e-02
4.657448e-02
4.642901e-02
4.636824e-02
4.636915e-02
4.638256e-02
4.636555e-02
4.632608e-02
4.629363e-02
4.627867e-02
4.616354e-02
4.609476e-02
4.598752e-02
4.592549e-02
4.582233e-02
4.574726e-02
4.579888e-02
4.583780e-02
4.594924e-02
4.598213e-02
4.596761e-02
4.598733e-02
4.601052e-02
4.610343e-02
4.623157e-02
4.631360e-02
4.634341e-02
4.637007e-02
4.638500e-02
4.640894e-02
4.643581e-02
4.641607e-02
4.638601e-02
4.634480e-02
4.631569e-02
4.632505e-02
4.639309e-02
4.644384e-02
4.650134e-02
4.654939e-02
4.656275e-02
4.656732e-02
4.656947e-02
4.661596e-02
4.666971e-02
4.670402e-02
4.677120e-02
4.682814e-02
4.686441e-02
4.680604e-02
4.676148e-02
4.674645e-02
4.680057e-02
4.692226e-02
4.702778e-02
4.708281e-02
4.707435e-02
4.705922e-02
4.712026e-02
4.714413e-02
4.710055e-02
4.706403e-02
4.697918e-02
4.700643e-02
4.705624e-02
4.708987e-02
4.706534e-02
4.699098e-02
4.694976e-02
4.691981e-02
4.684288e-02
4.681298e-02
4.679134e-02
4.677033e-02
4.677144e-02
4.673110e-02
4.670215e-02
4.666251e-02
4.668585e-02
4.675752e-02
4.680816e-02
4.682625e-02
4.683853e-02
4.683052e-02
4.680057e-02
4.681861e-02
4.680757e-02
4.683956e-02
4.679890e-02
4.675597e-02
4.674304e-02
4.676790e-02
4.682051e-02
4.683095e-02
4.687332e-02
4.686440e-02
4.690033e-02
4.689946e-02
4.683765e-02
4.677861e-02
4.671483e-02
4.670953e-02
4.674083e-02
4.682734e-02
4.687641e-02
4.686685e-02
4.686495e-02
4.686800e-02
4.685169e-02
4.683439e-02
4.682976e-02
4.686697e-02
4.688606e-02
4.682492e-02
4.678154e-02
4.673618e-02
4.673509e-02
4.673435e-02
4.681336e-02
4.681843e-02
4.681746e-02
4.683171e-02
4.686865e-02
4.690240e-02
4.684950e-02
4.677581e-02
4.669542e-02
4.665075e-02
4.665908e-02
4.666968e-02
4.674843e-02
4.677592e-02
4.679413e-02
4.678374e-02
4.675304e-02
4.675782e-02
4.680432e-02
4.680234e-02
4.677093e-02
4.670028e-02
4.662423e-02
4.656719e-02
4.654367e-02
4.650987e-02
4.648810e-02
4.643121e-02
4.638575e-02
4.639727e-02
4.638971e-02
4.636539e-02
4.635787e-02
4.633465e-02
4.632109e-02
4.633819e-02
4.635069e-02
4.636433e-02
4.636392e-02
4.636750e-02
4.638564e-02
4.647154e-02
4.645763e-02
4.652128e-02
4.647966e-02
4.649223e-02
4.650653e-02
4.649059e-02
4.650004e-02
4.645106e-02
4.639736e-02
4.642990e-02
4.632441e-02
4.642903e-02
4.643058e-02
4.639443e-02
4.636581e-02
4.635049e-02
4.635537e-02
4.635098e-02
4.633835e-02
4.627295e-02
4.626502e-02
4.630224e-02
4.638154e-02
4.639884e-02
4.638299e-02
4.633205e-02
4.636971e-02
4.642663e-02
4.650190e-02
4.650040e-02
4.648948e-02
4.644038e-02
4.635865e-02
4.630110e-02
4.623017e-02
4.621879e-02
4.621997e-02
4.616270e-02
4.619318e-02
4.619663e-02
4.619262e-02
4.623652e-02
4.629255e-02
4.628673e-02
4.628942e-02
4.626809e-02
4.628465e-02
4.631389e-02
4.636914e-02
4.646186e-02
4.650915e-02
4.653532e-02
4.652333e-02
4.650283e-02
4.653495e-02
4.654307e-02
4.657412e-02
4.661669e-02
4.663024e-02
4.666679e-02
4.672317e-02
4.685678e-02
4.686604e-02
4.695129e-02
4.696745e-02
4.693289e-02
4.690959e-02
4.680889e-02
4.676617e-02
4.677968e-02
4.680548e-02
4.682954e-02
4.678411e-02
4.667517e-02
4.655542e-02
4.652948e-02
4.659974e-02
4.656583e-02
4.660272e-02
4.660992e-02
4.662663e-02
4.659555e-02
4.656050e-02
4.646516e-02
4.642579e-02
4.637448e-02
4.640883e-02
4.647471e-02
4.651052e-02
4.649683e-02
4.645271e-02
4.641419e-02
4.634998e-02
4.634408e-02
4.631524e-02
4.627343e-02
4.622781e-02
4.620963e-02
4.624262e-02
4.624713e-02
4.623006e-02
4.618495e-02
4.618848e-02
4.611427e-02
4.613911e-02
4.618588e-02
4.624090e-02
4.629213e-02
4.628871e-02
4.634090e-02
4.640407e-02
4.645433e-02
4.646014e-02
4.653046e-02
4.655766e-02
4.653150e-02
4.649255e-02
4.648547e-02
4.651269e-02
4.661598e-02
4.666641e-02
4.668478e-02
4.672821e-02
4.679000e-02
4.682803e-02
4.679751e-02
4.675622e-02
4.671475e-02
4.668087e-02
4.671656e-02
4.675027e-02
4.670805e-02
4.668167e-02
4.663281e-02
4.662732e-02
4.663651e-02
4.664462e-02
4.663965e-02
4.659360e-02
4.651686e-02
4.650239e-02
4.651421e-02
4.646881e-02
4.640789e-02
4.638493e-02
4.636017e-02
4.644629e-02
4.650917e-02
4.652442e-02
4.657089e-02
4.655722e-02
4.659463e-02
4.658213e-02
4.659789e-02
4.659077e-02
4.656986e-02
4.655656e-02
4.655130e-02
4.649566e-02
4.644003e-02
4.643384e-02
4.643548e-02
4.634962e-02
4.635246e-02
4.633500e-02
4.635813e-02
4.637104e-02
4.629115e-02
4.614440e-02
4.606723e-02
4.608844e-02
4.620021e-02
4.623653e-02
4.621652e-02
4.611811e-02
4.609435e-02
4.614133e-02
4.616298e-02
4.615096e-02
4.615755e-02
4.616153e-02
4.624505e-02
4.627289e-02
4.628197e-02
4.627351e-02
4.627330e-02
4.629719e-02
4.638529e-02
4.645813e-02
4.644647e-02
4.646526e-02
4.651340e-02
4.658082e-02
4.663414e-02
4.669109e-02
4.670738e-02
4.669515e-02
4.670172e-02
4.667929e-02
4.669481e-02
4.669635e-02
4.662723e-02
4.657030e-02
4.654878e-02
4.653053e-02
4.653765e-02
4.653214e-02
4.648438e-02
4.645533e-02
4.643081e-02
4.640421e-02
4.639965e-02
4.632179e-02
4.627316e-02
4.621695e-02
4.617407e-02
4.618471e-02
4.618112e-02
4.625586e-02
4.631030e-02
4.637037e-02
4.643720e-02
4.649413e-02
4.648427e-02
4.650198e-02
4.658018e-02
4.662328e-02
4.661256e-02
4.653955e-02
4.645161e-02
4.640452e-02
4.645288e-02
4.645105e-02
4.643653e-02
4.637429e-02
4.634124e-02
4.629969e-02
4.624179e-02
4.615562e-02
4.612426e-02
4.618065e-02
4.621439e-02
4.624747e-02
4.624986e-02
4.624785e-02
4.617825e-02
4.618188e-02
4.616927e-02
4.619824e-02
4.620771e-02
4.628086e-02
4.632838e-02
4.636129e-02
4.633681e-02
4.628296e-02
4.630042e-02
4.628226e-02
4.630482e-02
4.633024e-02
4.636180e-02
4.644142e-02
4.649734e-02
4.652948e-02
4.657348e-02
4.660719e-02
4.665409e-02
4.666207e-02
4.670392e-02
4.668550e-02
4.672708e-02
4.672860e-02
4.669494e-02
4.664851e-02
4.653430e-02
4.645449e-02
4.641804e-02
4.642392e-02
4.639388e-02
4.633356e-02
4.629415e-02
4.627453e-02
4.626971e-02
4.624909e-02
4.627950e-02
4.632099e-02
4.635186e-02
4.634827e-02
4.634584e-02
4.633003e-02
4.640201e-02
4.645440e-02
4.646463e-02
4.646177e-02
4.645221e-02
4.647003e-02
4.655518e-02
4.665127e-02
4.669813e-02
4.672671e-02
4.667221e-02
4.672239e-02
4.683345e-02
4.684483e-02
4.683119e-02
4.684032e-02
4.683257e-02
4.683291e-02
4.681009e-02
4.679729e-02
4.680188e-02
4.686771e-02
4.689667e-02
4.690903e-02
4.695781e-02
4.700825e-02
4.707176e-02
4.711453e-02
4.714889e-02
4.717218e-02
4.720410e-02
4.715752e-02
4.711546e-02
4.703547e-02
4.696522e-02
4.692838e-02
4.697380e-02
4.696800e-02
4.692354e-02
4.684835e-02
4.674356e-02
4.668507e-02
4.660416e-02
4.656249e-02
4.656589e-02
4.659402e-02
4.664852e-02
4.666471e-02
4.663797e-02
4.664427e-02
4.663979e-02
4.667909e-02
4.667720e-02
4.671439e-02
4.671477e-02
4.672547e-02
4.673104e-02
4.675340e-02
4.677312e-02
4.684423e-02
4.685575e-02
4.674325e-02
4.677805e-02
4.668088e-02
4.674346e-02
4.686523e-02
4.692802e-02
4.688852e-02
4.682612e-02
4.677132e-02
4.675225e-02
4.673485e-02
4.673994e-02
4.675925e-02
4.678982e-02
4.681297e-02
4.680028e-02
4.678740e-02
4.675964e-02
4.673267e-02
4.675640e-02
4.671368e-02
4.668433e-02
4.663051e-02
4.660894e-02
4.659914e-02
4.660183e-02
4.657013e-02
4.656786e-02
4.656710e-02
4.653278e-02
4.652065e-02
4.647640e-02
4.648802e-02
4.651752e-02
4.655053e-02
4.654080e-02
4.654256e-02
4.652519e-02
4.653122e-02
4.658676e-02
4.663758e-02
4.667537e-02
4.674198e-02
4.680116e-02
4.686254e-02
4.700281e-02
4.709806e-02
4.706013e-02
4.708516e-02
4.707706e-02
4.715299e-02
4.719028e-02
4.723245e-02
4.719033e-02
4.709467e-02
4.696843e-02
4.691746e-02
4.697478e-02
4.696925e-02
4.689911e-02
4.678950e-02
4.673794e-02
4.672771e-02
4.677224e-02
4.676325e-02
4.665488e-02
4.655410e-02
4.643455e-02
4.648044e-02
4.649685e-02
4.648712e-02
4.644683e-02
4.642882e-02
4.646649e-02
4.639000e-02
4.642869e-02
4.641155e-02
4.638120e-02
4.637321e-02
4.640846e-02
4.639044e-02
4.638253e-02
4.637922e-02
4.639840e-02
4.641806e-02
4.637782e-02
4.633377e-02
4.630922e-02
4.630094e-02
4.630595e-02
4.630696e-02
4.631032e-02
4.631183e-02
4.631718e-02
4.632924e-02
4.635078e-02
4.636041e-02
4.633307e-02
4.629152e-02
4.630147e-02
4.631563e-02
4.634229e-02
4.634060e-02
4.631051e-02
4.629088e-02
4.624773e-02
4.621157e-02
4.625312e-02
4.629718e-02
4.632314e-02
4.629581e-02
4.626993e-02
4.627013e-02
4.631935e-02
4.634988e-02
4.640666e-02
4.647480e-02
4.657245e-02
4.664270e-02
4.664465e-02
4.658070e-02
4.651407e-02
4.645409e-02
4.649799e-02
4.653807e-02
4.653561e-02
4.650678e-02
4.650594e-02
4.647059e-02
4.660430e-02
4.665003e-02
4.670974e-02
4.676061e-02
4.678392e-02
4.675969e-02
4.670439e-02
4.670906e-02
4.671538e-02
4.673440e-02
4.675716e-02
4.678962e-02
4.679165e-02
4.676827e-02
4.671941e-02
4.674471e-02
4.672758e-02
4.676736e-02
4.682019e-02
4.686686e-02
4.681225e-02
4.676187e-02
4.664219e-02
4.655045e-02
4.656688e-02
4.660383e-02
4.660274e-02
4.653491e-02
4.646466e-02
4.642420e-02
4.639788e-02
4.635054e-02
4.633880e-02
4.628194e-02
4.628163e-02
4.628826e-02
4.630031e-02
4.631884e-02
4.633512e-02
4.637194e-02
4.635683e-02
4.640629e-02
4.644700e-02
4.651738e-02
4.652766e-02
4.654396e-02
4.658369e-02
4.659443e-02
4.666942e-02
4.677684e-02
4.676888e-02
4.674260e-02
4.670135e-02
4.664941e-02
4.666390e-02
4.671295e-02
4.674738e-02
4.674417e-02
4.672791e-02
4.665319e-02
4.665870e-02
4.668886e-02
4.669659e-02
4.672346e-02
4.677890e-02
4.681766e-02
4.686884e-02
4.685987e-02
4.684003e-02
4.685618e-02
4.689665e-02
4.689983e-02
4.690456e-02
4.686464e-02
4.686415e-02
4.686517e-02
4.688786e-02
4.698962e-02
4.707087e-02
4.712049e-02
4.707001e-02
4.703217e-02
4.698545e-02
4.701031e-02
4.716590e-02
4.721514e-02
4.721253e-02
4.709649e-02
4.697631e-02
4.697728e-02
4.700978e-02
4.694472e-02
4.683182e-02
4.679265e-02
4.674690e-02
4.674131e-02
4.669455e-02
4.676883e-02
4.676026e-02
4.676007e-02
4.660769e-02
4.657045e-02
4.656037e-02
4.658184e-02
4.656359e-02
4.652771e-02
4.648316e-02
4.646304e-02
4.644350e-02
4.640343e-02
4.635709e-02
4.628393e-02
4.626778e-02
4.626749e-02
4.632221e-02
4.631732e-02
4.632305e-02
4.632631e-02
4.631664e-02
4.632792e-02
4.631390e-02
4.629953e-02
4.630910e-02
4.632673e-02
4.638981e-02
4.643824e-02
4.643818e-02
4.653028e-02
4.662213e-02
4.668085e-02
4.672742e-02
4.677631e-02
4.684124e-02
4.688538e-02
4.688796e-02
4.687347e-02
4.685839e-02
4.684817e-02
4.685271e-02
4.684036e-02
4.686946e-02
4.689091e-02
4.697257e-02
4.701857e-02
4.700042e-02
4.692889e-02
4.684153e-02
4.677833e-02
4.675802e-02
4.676407e-02
4.675407e-02
4.673564e-02
4.670715e-02
4.668954e-02
4.664533e-02
4.661480e-02
4.660370e-02
4.660506e-02
4.666769e-02
4.670259e-02
4.678217e-02
4.675883e-02
4.673605e-02
4.663485e-02
4.667769e-02
4.671791e-02
4.679815e-02
4.686955e-02
4.682316e-02
4.684624e-02
4.689833e-02
4.693026e-02
4.692333e-02
4.698686e-02
4.692719e-02
4.681732e-02
4.667651e-02
4.662468e-02
4.658699e-02
4.662087e-02
4.659427e-02
4.654229e-02
4.646488e-02
4.637048e-02
4.636046e-02
4.631365e-02
4.621825e-02
4.622517e-02
4.625095e-02
4.631336e-02
4.633286e-02
4.636785e-02
4.640591e-02
4.646215e-02
4.646966e-02
4.644822e-02
4.646191e-02
4.642854e-02
4.640662e-02
4.639902e-02
4.645606e-02
4.648674e-02
4.651419e-02
4.649325e-02
4.641585e-02
4.629232e-02
4.625846e-02
4.627436e-02
4.626674e-02
4.625905e-02
4.628649e-02
4.627348e-02
4.628803e-02
4.632207e-02
4.631508e-02
4.629879e-02
4.631589e-02
4.633348e-02
4.636856e-02
4.639907e-02
4.638980e-02
4.643569e-02
4.642840e-02
4.645795e-02
4.644712e-02
4.645608e-02
4.655582e-02
4.668723e-02
4.676331e-02
4.680530e-02
4.674877e-02
4.665632e-02
4.664401e-02
4.664093e-02
4.659809e-02
4.651190e-02
4.648030e-02
4.637356e-02
4.637562e-02
4.638231e-02
4.639779e-02
4.642578e-02
4.638954e-02
4.636191e-02
4.627175e-02
4.621792e-02
4.618839e-02
4.622611e-02
4.630762e-02
4.641375e-02
4.653286e-02
4.657230e-02
4.658045e-02
4.656247e-02
4.652708e-02
4.652153e-02
4.651098e-02
4.650763e-02
4.656765e-02
4.654682e-02
4.655475e-02
4.657644e-02
4.664661e-02
4.662419e-02
4.666123e-02
4.669985e-02
4.676179e-02
4.682457e-02
4.678139e-02
4.675926e-02
4.669265e-02
4.669953e-02
4.672372e-02
4.671802e-02
4.670270e-02
4.669366e-02
4.668821e-02
4.673385e-02
4.678118e-02
4.690023e-02
4.696414e-02
4.700425e-02
4.699486e-02
4.693141e-02
4.697574e-02
4.708393e-02
4.713116e-02
4.718122e-02
4.712655e-02
4.706544e-02
4.698074e-02
4.692517e-02
4.681052e-02
4.678336e-02
4.671870e-02
4.679515e-02
4.679139e-02
4.680868e-02
4.679825e-02
4.684031e-02
4.682999e-02
4.682956e-02
4.684258e-02
4.682216e-02
4.681652e-02
4.690212e-02
4.697330e-02
4.699602e-02
4.694243e-02
4.689897e-02
4.685047e-02
4.681137e-02
4.683161e-02
4.688284e-02
4.690447e-02
4.691148e-02
4.685120e-02
4.679886e-02
4.674526e-02
4.675974e-02
4.671999e-02
4.669107e-02
4.669232e-02
4.670496e-02
4.669708e-02
4.667300e-02
4.664625e-02
4.663684e-02
4.665174e-02
4.665658e-02
4.666633e-02
4.667130e-02
4.669458e-02
4.669456e-02
4.669317e-02
4.670298e-02
4.670876e-02
4.669978e-02
4.677330e-02
4.684656e-02
4.697618e-02
4.696600e-02
4.692144e-02
4.682765e-02
4.682600e-02
4.690956e-02
4.701164e-02
4.704980e-02
4.698538e-02
4.686669e-02
4.685336e-02
4.692220e-02
4.698490e-02
4.705647e-02
4.704451e-02
4.708371e-02
4.710879e-02
4.714890e-02
4.713213e-02
4.716412e-02
4.717023e-02
4.719465e-02
4.711550e-02
4.708209e-02
4.714215e-02
4.721419e-02
4.729505e-02
4.736667e-02
4.737851e-02
4.739154e-02
4.731685e-02
4.724101e-02
4.713287e-02
4.697096e-02
4.695364e-02
4.694627e-02
4.692464e-02
4.691778e-02
4.683522e-02
4.675489e-02
4.666297e-02
4.667282e-02
4.673050e-02
4.677676e-02
4.670762e-02
4.658890e-02
4.650217e-02
4.639307e-02
