1.877465e-01
1.877186e-01
1.877133e-01
1.877398e-01
1.877533e-01
1.877935e-01
1.878025e-01
1.877994e-01
1.877564e-01
1.876955e-01
1.876314e-01
1.875766e-01
1.875445e-01
1.875120e-01
1.874793e-01
1.874610e-01
1.874349e-01
1.874057e-01
1.873650e-01
1.873117e-01
1.872297e-01
1.871702e-01
1.870716e-01
1.869747e-01
1.868990e-01
1.868575e-01
1.868440e-01
1.868667e-01
1.868937e-01
1.869313e-01
1.869510e-01
1.869785e-01
1.870326e-01
1.870993e-01
1.871789e-01
1.872848e-01
1.873803e-01
1.874831e-01
1.875783e-01
1.876937e-01
1.877894e-01
1.879388e-01
1.881191e-01
1.883050e-01
1.885052e-01
1.887078e-01
1.889486e-01
1.891182e-01
1.892869e-01
1.894444e-01
1.895504e-01
1.895992e-01
1.897363e-01
1.897478e-01
1.897964e-01
1.897771e-01
1.897955e-01
1.897894e-01
1.897156e-01
1.897408e-01
1.897263e-01
1.895923e-01
1.897035e-01
1.896402e-01
1.896006e-01
1.897139e-01
1.896062e-01
1.896389e-01
1.896428e-01
1.896348e-01
1.896651e-01
1.897441e-01
1.896880e-01
1.896637e-01
1.895280e-01
1.895772e-01
1.894449e-01
1.893256e-01
1.892196e-01
1.891332e-01
1.890719e-01
1.890080e-01
1.888968e-01
1.888952e-01
1.888696e-01
1.887055e-01
1.887461e-01
1.887200e-01
1.885868e-01
1.885877e-01
1.884897e-01
1.884374e-01
1.884430e-01
1.883421e-01
1.883451e-01
1.883507e-01
1.882947e-01
1.882998e-01
1.882975e-01
1.883401e-01
1.883123e-01
1.882585e-01
1.882301e-01
1.881482e-01
1.880570e-01
1.879431e-01
1.878373e-01
1.877336e-01
1.876717e-01
1.875866e-01
1.875189e-01
1.874670e-01
1.873825e-01
1.872962e-01
1.872102e-01
1.871033e-01
1.870123e-01
1.869086e-01
1.868159e-01
1.867427e-01
1.866570e-01
1.865610e-01
1.864560e-01
1.863422e-01
1.862125e-01
1.860887e-01
1.859562e-01
1.858180e-01
1.856953e-01
1.855884e-01
1.855062e-01
1.854421e-01
1.854450e-01
1.854818e-01
1.855729e-01
1.856534e-01
1.857997e-01
1.859127e-01
1.860221e-01
1.861171e-01
1.861875e-01
1.862430e-01
1.863209e-01
1.863512e-01
1.864146e-01
1.864440e-01
1.864629e-01
1.864968e-01
1.865206e-01
1.866019e-01
1.867136e-01
1.868454e-01
1.869921e-01
1.871504e-01
1.873075e-01
1.874355e-01
1.875384e-01
1.876291e-01
1.877232e-01
1.878458e-01
1.879672e-01
1.880818e-01
1.881887e-01
1.882983e-01
1.884076e-01
1.885062e-01
1.885870e-01
1.886675e-01
1.887452e-01
1.888359e-01
1.889270e-01
1.890196e-01
1.891061e-01
1.891704e-01
1.892078e-01
1.892142e-01
1.891947e-01
1.891459e-01
1.891001e-01
1.890620e-01
1.890445e-01
1.890490e-01
1.890768e-01
1.891049e-01
1.891487e-01
1.891880e-01
1.892369e-01
1.892854e-01
1.893301e-01
1.893776e-01
1.894209e-01
1.894575e-01
1.894918e-01
1.895255e-01
1.895716e-01
1.896308e-01
1.897373e-01
1.898522e-01
1.899758e-01
1.900977e-01
1.902053e-01
1.903106e-01
1.904015e-01
1.904905e-01
1.905825e-01
1.906760e-01
1.907555e-01
1.908291e-01
1.908930e-01
1.909433e-01
1.910031e-01
1.910507e-01
1.910966e-01
1.911481e-01
1.912074e-01
1.912830e-01
1.913644e-01
1.914401e-01
1.915055e-01
1.915694e-01
1.916091e-01
1.916444e-01
1.916820e-01
1.917182e-01
1.917498e-01
1.917745e-01
1.917909e-01
1.917957e-01
1.917896e-01
1.917794e-01
1.917755e-01
1.917852e-01
1.917940e-01
1.918058e-01
1.918144e-01
1.918162e-01
1.918165e-01
1.918053e-01
1.917959e-01
1.917796e-01
1.917788e-01
1.917830e-01
1.917864e-01
1.917836e-01
1.917852e-01
1.917827e-01
1.917705e-01
1.917501e-01
1.917134e-01
1.916601e-01
1.915863e-01
1.914906e-01
1.913782e-01
1.912410e-01
1.910781e-01
1.908991e-01
1.907051e-01
1.905221e-01
1.903292e-01
1.901313e-01
1.899355e-01
1.897473e-01
1.895716e-01
1.893984e-01
1.892387e-01
1.890811e-01
1.889347e-01
1.887849e-01
1.886353e-01
1.884894e-01
1.883432e-01
1.882047e-01
1.880660e-01
1.879439e-01
1.878490e-01
1.877646e-01
1.877017e-01
1.876562e-01
1.876377e-01
1.876359e-01
1.876451e-01
1.876736e-01
1.877059e-01
1.877559e-01
1.878159e-01
1.878610e-01
1.878968e-01
1.879259e-01
1.879352e-01
1.879433e-01
1.879372e-01
1.879375e-01
1.879315e-01
1.879323e-01
1.879344e-01
1.879638e-01
1.880135e-01
1.880706e-01
1.881284e-01
1.881865e-01
1.882451e-01
1.882938e-01
1.883244e-01
1.883253e-01
1.883048e-01
1.882699e-01
1.882295e-01
1.881863e-01
1.881452e-01
1.881072e-01
1.880843e-01
1.880676e-01
1.880620e-01
1.880466e-01
1.880302e-01
1.880059e-01
1.879713e-01
1.879330e-01
1.879025e-01
1.878907e-01
1.878726e-01
1.878542e-01
1.878512e-01
1.878682e-01
1.879060e-01
1.879569e-01
1.880041e-01
1.880526e-01
1.880786e-01
1.880915e-01
1.880790e-01
1.880252e-01
1.879550e-01
1.878844e-01
1.878011e-01
1.877113e-01
1.876138e-01
1.875320e-01
1.874384e-01
1.873470e-01
1.872514e-01
1.871463e-01
1.870350e-01
1.869121e-01
1.867965e-01
1.866896e-01
1.866291e-01
1.865805e-01
1.865340e-01
1.865100e-01
1.864680e-01
1.864503e-01
1.864417e-01
1.864439e-01
1.864453e-01
1.864654e-01
1.864875e-01
1.865228e-01
1.865475e-01
1.865873e-01
1.866256e-01
1.866768e-01
1.867146e-01
1.868031e-01
1.868498e-01
1.869132e-01
1.869481e-01
1.869786e-01
1.869772e-01
1.869540e-01
1.869343e-01
1.868928e-01
1.868496e-01
1.867953e-01
1.867423e-01
1.866918e-01
1.866185e-01
1.865567e-01
1.864911e-01
1.864321e-01
1.863902e-01
1.863494e-01
1.863343e-01
1.863242e-01
1.863585e-01
1.863728e-01
1.863903e-01
1.864055e-01
1.864251e-01
1.864516e-01
1.864720e-01
1.865021e-01
1.865183e-01
1.865490e-01
1.865704e-01
1.866111e-01
1.866641e-01
1.867374e-01
1.868267e-01
1.869220e-01
1.870190e-01
1.871219e-01
1.872231e-01
1.873168e-01
1.874008e-01
1.874724e-01
1.875244e-01
1.875650e-01
1.875821e-01
1.875728e-01
1.875303e-01
1.874991e-01
1.874489e-01
1.874013e-01
1.873661e-01
1.873186e-01
1.872746e-01
1.872398e-01
1.872244e-01
1.872098e-01
1.872025e-01
1.871883e-01
1.871871e-01
1.871818e-01
1.871643e-01
1.871625e-01
1.871465e-01
1.871270e-01
1.870991e-01
1.870824e-01
1.870503e-01
1.870082e-01
1.869535e-01
1.869008e-01
1.868219e-01
1.867271e-01
1.866364e-01
1.865267e-01
1.864359e-01
1.863872e-01
1.863508e-01
1.863423e-01
1.863595e-01
1.863891e-01
1.864255e-01
1.864798e-01
1.865143e-01
1.865791e-01
1.866100e-01
1.866505e-01
1.866723e-01
1.866878e-01
1.866911e-01
1.866814e-01
1.866594e-01
1.866414e-01
1.866201e-01
1.865925e-01
1.865478e-01
1.865199e-01
1.864954e-01
1.864725e-01
1.864678e-01
1.864538e-01
1.864455e-01
1.864323e-01
1.864160e-01
1.864113e-01
1.863965e-01
1.863853e-01
1.863698e-01
1.863587e-01
1.863621e-01
1.863710e-01
1.864040e-01
1.864305e-01
1.864561e-01
1.864804e-01
1.864891e-01
1.865041e-01
1.865240e-01
1.865209e-01
1.865391e-01
1.865527e-01
1.865501e-01
1.865752e-01
1.865860e-01
1.866250e-01
1.866645e-01
1.867340e-01
1.868078e-01
1.868937e-01
1.869622e-01
1.870229e-01
1.870776e-01
1.871034e-01
1.871387e-01
1.871689e-01
1.872044e-01
1.872486e-01
1.873016e-01
1.873689e-01
1.874536e-01
1.875347e-01
1.876244e-01
1.877168e-01
1.878231e-01
1.879338e-01
1.880341e-01
1.881292e-01
1.882184e-01
1.882974e-01
1.883567e-01
1.884170e-01
1.884639e-01
1.885197e-01
1.885746e-01
1.886405e-01
1.887207e-01
1.888204e-01
1.889511e-01
1.890919e-01
1.892311e-01
1.893580e-01
1.894760e-01
1.895951e-01
1.897060e-01
1.898086e-01
1.898949e-01
1.899652e-01
1.900153e-01
1.900642e-01
1.900901e-01
1.901025e-01
1.901121e-01
1.901122e-01
1.901014e-01
1.900643e-01
1.899996e-01
1.899073e-01
1.897951e-01
1.896765e-01
1.895659e-01
1.894520e-01
1.893217e-01
1.891975e-01
1.890737e-01
1.889611e-01
1.888518e-01
1.887711e-01
1.886938e-01
1.886376e-01
1.885890e-01
1.885376e-01
1.884909e-01
1.884434e-01
1.884088e-01
1.883981e-01
1.884025e-01
1.884304e-01
1.884849e-01
1.885594e-01
1.886328e-01
1.887250e-01
1.887964e-01
1.888740e-01
1.889386e-01
1.889689e-01
1.889773e-01
1.889649e-01
1.889109e-01
1.889211e-01
1.889277e-01
1.889290e-01
1.889517e-01
1.889897e-01
1.890439e-01
1.891158e-01
1.891852e-01
1.892375e-01
1.892753e-01
1.892784e-01
1.892697e-01
1.892327e-01
1.891845e-01
1.891219e-01
1.890677e-01
1.889984e-01
1.889366e-01
1.888694e-01
1.888108e-01
1.887329e-01
1.886422e-01
1.885610e-01
1.884981e-01
1.884543e-01
1.884149e-01
1.883819e-01
1.883635e-01
1.883355e-01
1.883044e-01
1.882904e-01
1.882804e-01
1.882750e-01
1.882764e-01
1.882686e-01
1.882575e-01
1.882398e-01
1.882227e-01
1.882005e-01
1.881769e-01
1.881374e-01
1.880908e-01
1.880456e-01
1.880093e-01
1.879690e-01
1.879515e-01
1.879156e-01
1.884007e-01
1.878092e-01
1.877507e-01
1.877054e-01
1.876461e-01
1.875993e-01
1.875495e-01
1.875011e-01
1.874583e-01
1.874091e-01
1.873605e-01
1.873268e-01
1.872675e-01
1.872308e-01
1.871797e-01
1.871369e-01
1.870573e-01
1.870132e-01
1.869512e-01
1.868881e-01
1.868042e-01
1.867207e-01
1.866263e-01
1.865309e-01
1.864395e-01
1.863694e-01
1.862935e-01
1.862243e-01
1.861662e-01
1.861214e-01
1.860839e-01
1.860536e-01
1.860359e-01
1.860345e-01
1.860409e-01
1.860582e-01
1.860700e-01
1.861186e-01
1.861535e-01
1.861995e-01
1.862439e-01
1.862842e-01
1.863395e-01
1.863780e-01
1.864219e-01
1.864727e-01
1.865364e-01
1.866101e-01
1.866942e-01
1.867961e-01
1.868952e-01
1.869950e-01
1.870912e-01
1.871891e-01
1.872850e-01
1.873689e-01
1.874562e-01
1.875239e-01
1.875741e-01
1.876016e-01
1.876056e-01
1.875898e-01
1.875606e-01
1.875317e-01
1.874980e-01
1.874657e-01
1.874408e-01
1.874215e-01
1.874144e-01
1.873994e-01
1.873756e-01
1.873581e-01
1.873579e-01
1.873590e-01
1.873886e-01
1.874173e-01
1.874393e-01
1.874722e-01
1.875059e-01
1.875352e-01
1.875779e-01
1.876278e-01
1.876926e-01
1.877807e-01
1.878453e-01
1.879227e-01
1.879758e-01
1.880249e-01
1.880686e-01
1.881141e-01
1.881522e-01
1.881948e-01
1.882226e-01
1.882517e-01
1.882543e-01
1.882470e-01
1.882316e-01
1.882111e-01
1.881795e-01
1.881485e-01
1.881087e-01
1.880631e-01
1.880428e-01
1.880632e-01
1.881125e-01
1.881610e-01
1.882174e-01
1.882745e-01
1.883518e-01
1.884403e-01
1.885095e-01
1.885597e-01
1.886059e-01
1.886481e-01
1.886931e-01
1.887319e-01
1.887726e-01
1.888201e-01
1.888814e-01
1.889568e-01
1.890416e-01
1.891330e-01
1.892251e-01
1.893123e-01
1.893983e-01
1.894793e-01
1.895534e-01
1.896381e-01
1.897194e-01
1.897924e-01
1.898535e-01
1.899059e-01
1.899443e-01
1.899681e-01
1.899814e-01
1.899804e-01
1.899677e-01
1.899544e-01
1.899383e-01
1.899181e-01
1.898977e-01
1.898824e-01
1.898832e-01
1.898955e-01
1.899378e-01
1.899884e-01
1.900435e-01
1.900932e-01
1.901422e-01
1.901779e-01
1.901898e-01
1.901862e-01
1.901658e-01
1.901181e-01
1.900574e-01
1.899663e-01
1.898697e-01
1.897487e-01
1.896111e-01
1.894740e-01
1.893233e-01
1.891713e-01
1.890264e-01
1.888768e-01
1.887265e-01
1.885690e-01
1.884122e-01
1.882638e-01
1.881405e-01
1.880107e-01
1.878932e-01
1.877866e-01
1.876894e-01
1.875985e-01
1.875302e-01
1.874796e-01
1.874452e-01
1.874050e-01
1.873614e-01
1.873188e-01
1.872660e-01
1.872246e-01
1.871914e-01
1.871691e-01
1.871690e-01
1.871805e-01
1.872048e-01
1.872402e-01
1.872723e-01
1.873018e-01
1.873297e-01
1.873693e-01
1.874293e-01
1.874997e-01
1.875948e-01
1.877179e-01
1.878076e-01
1.879161e-01
1.880276e-01
1.881339e-01
1.882396e-01
1.883418e-01
1.884415e-01
1.885336e-01
1.886175e-01
1.887138e-01
1.888018e-01
1.888869e-01
1.889752e-01
1.890541e-01
1.891288e-01
1.891795e-01
1.892096e-01
1.892261e-01
1.892305e-01
1.892280e-01
1.892404e-01
1.892648e-01
1.892924e-01
1.893445e-01
1.894043e-01
1.894708e-01
1.895439e-01
1.896108e-01
1.896607e-01
1.896902e-01
1.897128e-01
1.897163e-01
1.897107e-01
1.896941e-01
1.896624e-01
1.896061e-01
1.895576e-01
1.895178e-01
1.894640e-01
1.893941e-01
1.893026e-01
1.891897e-01
1.890681e-01
1.889538e-01
1.888349e-01
1.887592e-01
1.887012e-01
1.886595e-01
1.886563e-01
1.886643e-01
1.886836e-01
1.886873e-01
1.886982e-01
1.886933e-01
1.886858e-01
1.886782e-01
1.886747e-01
1.886669e-01
1.886665e-01
1.886821e-01
1.887196e-01
1.887984e-01
1.889082e-01
1.890268e-01
1.891460e-01
1.892475e-01
1.893261e-01
1.893903e-01
1.894464e-01
1.895043e-01
1.895678e-01
1.896426e-01
1.897394e-01
1.898558e-01
1.899911e-01
1.901504e-01
1.903108e-01
1.904769e-01
1.906214e-01
1.907398e-01
1.908218e-01
1.908797e-01
1.908992e-01
1.908917e-01
1.908733e-01
1.908273e-01
1.907700e-01
1.907038e-01
1.906287e-01
1.905490e-01
1.904687e-01
1.903879e-01
1.903060e-01
1.902411e-01
1.901813e-01
1.901438e-01
1.901233e-01
1.901185e-01
1.901333e-01
1.901507e-01
1.901640e-01
1.901901e-01
1.901987e-01
1.901784e-01
1.901615e-01
1.901252e-01
1.900763e-01
1.900061e-01
1.899005e-01
1.897691e-01
1.896323e-01
1.894954e-01
1.893792e-01
1.892919e-01
1.892428e-01
1.892035e-01
1.891666e-01
1.891362e-01
1.891146e-01
1.890857e-01
1.890561e-01
1.890281e-01
1.890043e-01
1.889957e-01
1.889949e-01
1.890022e-01
1.890249e-01
1.890494e-01
1.890787e-01
1.891112e-01
1.891468e-01
1.891873e-01
1.892192e-01
1.892535e-01
1.892946e-01
1.893308e-01
1.893764e-01
1.894068e-01
1.894438e-01
1.894844e-01
1.895230e-01
1.895561e-01
1.895902e-01
1.896335e-01
1.896704e-01
1.897226e-01
1.897726e-01
1.898226e-01
1.898896e-01
1.899432e-01
1.899963e-01
1.900620e-01
1.900966e-01
1.901118e-01
1.901141e-01
1.901006e-01
1.900786e-01
1.900465e-01
1.899997e-01
1.899357e-01
1.898588e-01
1.897844e-01
1.897065e-01
1.896180e-01
1.895268e-01
1.894384e-01
1.893705e-01
1.893016e-01
1.892500e-01
1.892061e-01
1.891540e-01
1.891119e-01
1.890748e-01
1.890508e-01
1.890402e-01
1.890456e-01
1.890478e-01
1.890630e-01
1.890774e-01
1.890954e-01
1.891181e-01
1.891583e-01
1.892015e-01
1.892601e-01
1.893167e-01
1.893632e-01
1.893872e-01
1.894010e-01
1.894052e-01
1.894075e-01
1.894172e-01
1.894011e-01
1.893774e-01
1.893568e-01
1.893430e-01
1.893325e-01
1.893355e-01
1.893342e-01
1.893398e-01
1.893467e-01
1.893497e-01
1.893466e-01
1.893508e-01
1.893454e-01
1.893408e-01
1.893488e-01
1.893382e-01
1.893200e-01
1.892994e-01
1.892820e-01
1.892609e-01
1.892525e-01
1.892273e-01
1.891883e-01
1.891273e-01
1.890546e-01
1.889851e-01
1.889064e-01
1.888182e-01
1.887273e-01
1.886455e-01
1.885899e-01
1.885429e-01
1.885175e-01
1.885030e-01
1.884852e-01
1.884923e-01
1.885031e-01
1.885233e-01
1.885560e-01
1.885924e-01
1.886277e-01
1.886565e-01
1.886800e-01
1.887057e-01
1.887272e-01
1.887521e-01
1.887643e-01
1.887664e-01
1.887752e-01
1.887743e-01
1.887665e-01
1.887575e-01
1.887468e-01
1.887313e-01
1.887141e-01
1.886973e-01
1.886873e-01
1.886910e-01
1.886983e-01
1.887254e-01
1.887478e-01
1.887916e-01
1.888467e-01
1.889088e-01
1.889646e-01
1.890001e-01
1.890303e-01
1.890293e-01
1.890264e-01
1.890054e-01
1.889798e-01
1.889500e-01
1.889358e-01
1.889507e-01
1.890026e-01
1.890696e-01
1.891246e-01
1.891607e-01
1.891767e-01
1.891699e-01
1.891665e-01
1.891572e-01
1.891532e-01
1.891602e-01
1.891702e-01
1.892003e-01
1.892425e-01
1.892983e-01
1.893666e-01
1.894522e-01
1.895575e-01
1.896726e-01
1.898011e-01
1.899247e-01
1.900475e-01
1.901627e-01
1.902734e-01
1.903699e-01
1.904691e-01
1.905441e-01
1.906008e-01
1.906305e-01
1.906557e-01
1.906637e-01
1.906672e-01
1.906647e-01
1.906604e-01
1.906624e-01
1.906625e-01
1.906510e-01
1.906233e-01
1.906054e-01
1.905876e-01
1.905739e-01
1.905490e-01
1.905166e-01
1.904813e-01
1.904455e-01
1.904111e-01
1.903777e-01
1.903416e-01
1.902969e-01
1.902400e-01
1.901904e-01
1.901389e-01
1.900928e-01
1.900706e-01
1.900542e-01
1.900503e-01
1.900715e-01
1.901225e-01
1.902014e-01
1.903282e-01
1.904895e-01
1.906538e-01
1.908123e-01
1.909602e-01
1.910903e-01
1.911945e-01
1.912752e-01
1.913289e-01
1.913643e-01
1.913781e-01
1.913707e-01
1.913452e-01
1.913172e-01
1.912802e-01
1.912305e-01
1.911608e-01
1.910837e-01
1.910094e-01
1.909287e-01
1.908499e-01
1.907688e-01
1.906865e-01
1.905891e-01
1.904952e-01
1.903923e-01
1.903116e-01
1.902549e-01
1.902115e-01
1.901866e-01
1.901630e-01
1.901238e-01
1.900866e-01
1.900471e-01
1.900084e-01
1.899676e-01
1.899241e-01
1.898873e-01
1.898483e-01
1.898016e-01
1.897623e-01
1.897130e-01
1.896744e-01
1.896344e-01
1.896029e-01
1.895851e-01
1.895722e-01
1.895632e-01
1.895710e-01
1.895737e-01
1.895842e-01
1.895977e-01
1.896140e-01
1.896298e-01
1.896384e-01
1.896335e-01
1.896273e-01
1.896001e-01
1.895789e-01
1.895501e-01
1.895361e-01
1.895230e-01
1.895318e-01
1.895576e-01
1.895906e-01
1.896180e-01
1.896319e-01
1.896197e-01
1.895831e-01
1.895422e-01
1.894991e-01
1.894438e-01
1.893783e-01
1.893158e-01
1.892559e-01
1.892069e-01
1.891697e-01
1.891370e-01
1.891080e-01
1.890816e-01
1.890629e-01
1.890456e-01
1.890318e-01
1.890329e-01
1.890440e-01
1.890533e-01
1.890719e-01
1.891044e-01
1.891793e-01
1.892096e-01
1.892618e-01
1.893111e-01
1.893549e-01
1.893876e-01
1.894270e-01
1.894597e-01
1.894841e-01
1.895211e-01
1.895490e-01
1.895835e-01
1.896194e-01
1.896435e-01
1.896700e-01
1.897041e-01
1.897314e-01
1.897527e-01
1.897667e-01
1.897844e-01
1.897882e-01
1.897765e-01
1.897465e-01
1.897127e-01
1.896506e-01
1.895705e-01
1.894968e-01
1.894039e-01
1.893175e-01
1.892382e-01
1.891515e-01
1.890889e-01
1.890159e-01
1.889554e-01
1.889041e-01
1.888672e-01
1.888265e-01
1.888050e-01
1.887729e-01
1.887565e-01
1.887393e-01
1.887277e-01
1.887236e-01
1.887303e-01
1.887350e-01
1.887385e-01
1.887390e-01
1.887511e-01
1.887671e-01
1.887909e-01
1.888159e-01
1.888570e-01
1.889031e-01
1.889581e-01
1.890127e-01
1.890661e-01
1.891166e-01
1.891642e-01
1.891983e-01
1.892246e-01
1.892474e-01
1.892758e-01
1.892815e-01
1.892638e-01
1.892408e-01
1.892131e-01
1.891753e-01
1.891310e-01
1.891008e-01
1.890676e-01
1.890377e-01
1.890227e-01
1.890016e-01
1.889999e-01
1.889952e-01
1.889885e-01
1.889806e-01
1.889875e-01
1.889896e-01
1.889912e-01
1.889870e-01
1.889750e-01
1.889588e-01
1.889468e-01
1.889568e-01
1.889810e-01
1.890068e-01
1.890349e-01
1.890606e-01
1.890842e-01
1.891048e-01
1.891250e-01
1.891580e-01
1.891969e-01
1.892405e-01
1.892879e-01
1.893426e-01
1.893839e-01
1.894105e-01
1.894352e-01
1.894446e-01
1.894393e-01
1.894207e-01
1.893950e-01
1.893588e-01
1.893260e-01
1.892938e-01
1.892655e-01
1.892385e-01
1.892426e-01
1.892510e-01
1.892444e-01
1.892348e-01
1.892264e-01
1.892075e-01
1.891859e-01
1.891465e-01
1.891168e-01
1.890800e-01
1.890541e-01
1.890243e-01
1.889970e-01
1.889578e-01
1.889097e-01
1.888651e-01
1.888304e-01
1.888018e-01
1.887732e-01
1.887358e-01
1.887055e-01
1.886620e-01
1.886150e-01
1.885661e-01
1.885216e-01
1.884775e-01
1.884411e-01
1.884051e-01
1.883818e-01
1.883589e-01
1.883342e-01
1.883066e-01
1.882739e-01
1.882515e-01
1.882351e-01
1.882214e-01
1.882058e-01
1.881878e-01
1.881621e-01
1.881395e-01
1.881225e-01
1.881163e-01
1.881167e-01
1.881286e-01
1.881507e-01
1.881789e-01
1.882151e-01
1.882313e-01
1.882523e-01
1.882756e-01
1.882909e-01
1.883042e-01
1.883178e-01
1.883224e-01
1.883202e-01
1.883149e-01
1.882875e-01
1.882531e-01
1.882300e-01
1.882150e-01
1.882051e-01
1.881976e-01
1.881912e-01
1.881959e-01
1.882073e-01
1.882242e-01
1.882430e-01
1.882644e-01
1.882878e-01
1.883086e-01
1.883354e-01
1.883620e-01
1.883876e-01
1.884022e-01
1.884157e-01
1.884107e-01
1.883824e-01
1.883290e-01
1.882668e-01
1.882013e-01
1.881187e-01
1.880341e-01
1.879614e-01
1.878955e-01
1.878404e-01
1.878082e-01
1.877950e-01
1.877888e-01
1.877864e-01
1.877777e-01
1.877573e-01
1.877361e-01
1.877101e-01
1.876942e-01
1.876877e-01
1.876763e-01
1.876605e-01
1.876306e-01
1.875885e-01
1.875503e-01
1.874855e-01
1.874210e-01
1.873509e-01
1.872874e-01
1.872354e-01
1.871792e-01
1.871456e-01
1.871370e-01
1.871477e-01
1.871717e-01
1.872098e-01
1.872438e-01
1.872879e-01
1.873396e-01
1.873815e-01
1.874122e-01
1.874249e-01
1.874590e-01
1.874742e-01
1.874934e-01
1.875086e-01
1.875539e-01
1.875506e-01
1.875864e-01
1.876278e-01
1.876787e-01
1.877278e-01
1.877727e-01
1.878025e-01
1.878263e-01
1.878217e-01
1.878070e-01
1.877969e-01
1.877646e-01
1.877218e-01
1.876779e-01
1.876433e-01
1.875951e-01
1.875680e-01
1.875342e-01
1.875029e-01
1.874744e-01
1.874504e-01
1.874364e-01
1.874217e-01
1.874078e-01
1.873872e-01
1.873611e-01
1.873427e-01
1.873345e-01
1.873327e-01
1.873190e-01
1.873066e-01
1.872951e-01
1.873018e-01
1.872996e-01
1.873076e-01
1.873133e-01
1.873451e-01
1.873772e-01
1.874214e-01
1.874562e-01
1.874853e-01
1.874950e-01
1.874836e-01
1.874726e-01
1.874449e-01
1.874090e-01
1.873804e-01
1.873345e-01
1.872952e-01
1.872526e-01
1.872078e-01
1.871538e-01
1.870986e-01
1.870389e-01
1.869812e-01
1.869264e-01
1.868546e-01
1.867803e-01
1.866964e-01
1.866149e-01
1.865589e-01
1.864989e-01
1.864703e-01
1.864514e-01
1.864342e-01
1.864300e-01
1.864216e-01
1.864049e-01
1.863766e-01
1.863453e-01
1.863321e-01
1.863148e-01
1.863075e-01
1.863243e-01
1.863563e-01
1.863842e-01
1.864298e-01
1.864786e-01
1.865235e-01
1.865535e-01
1.865668e-01
1.865735e-01
1.865780e-01
1.865838e-01
1.865847e-01
1.865755e-01
1.866050e-01
1.866254e-01
1.866641e-01
1.867056e-01
1.867527e-01
1.867933e-01
1.868255e-01
1.868348e-01
1.868364e-01
1.868321e-01
1.868452e-01
1.868708e-01
1.869179e-01
1.869736e-01
1.870694e-01
1.871857e-01
1.873270e-01
1.874712e-01
1.876259e-01
1.877711e-01
1.879083e-01
1.880326e-01
1.881329e-01
1.882175e-01
1.882731e-01
1.883279e-01
1.883628e-01
1.884068e-01
1.884285e-01
1.884505e-01
1.884677e-01
1.884765e-01
1.884583e-01
1.884092e-01
1.883394e-01
1.882775e-01
1.881926e-01
1.880968e-01
1.880033e-01
1.879200e-01
1.878312e-01
1.877508e-01
1.876639e-01
1.875718e-01
1.874925e-01
1.874115e-01
1.873591e-01
1.873329e-01
1.873480e-01
1.873845e-01
1.874145e-01
1.874425e-01
1.874850e-01
1.875388e-01
1.876107e-01
1.877068e-01
1.878144e-01
1.879218e-01
1.880258e-01
1.881351e-01
1.882396e-01
1.883508e-01
1.884591e-01
1.885827e-01
1.886987e-01
1.888058e-01
1.888985e-01
1.889822e-01
1.890426e-01
1.891016e-01
1.891573e-01
1.892231e-01
1.892927e-01
1.893656e-01
1.894488e-01
1.895278e-01
1.895987e-01
1.896665e-01
1.897324e-01
1.898075e-01
1.899041e-01
1.900065e-01
1.900881e-01
1.901407e-01
1.901771e-01
1.902063e-01
1.902272e-01
1.902361e-01
1.902361e-01
1.902259e-01
1.902109e-01
1.901963e-01
1.901806e-01
1.901504e-01
1.901101e-01
1.900585e-01
1.899962e-01
1.899161e-01
1.898208e-01
1.897086e-01
1.895773e-01
1.894367e-01
1.893070e-01
1.891958e-01
1.891080e-01
1.890485e-01
1.890006e-01
1.889508e-01
1.888945e-01
1.888091e-01
1.887310e-01
1.886397e-01
1.885447e-01
1.884521e-01
1.883767e-01
1.883125e-01
1.882470e-01
1.881865e-01
1.881385e-01
1.881060e-01
1.880963e-01
1.880764e-01
1.880477e-01
1.880111e-01
1.879744e-01
1.879380e-01
1.878937e-01
1.878359e-01
1.877762e-01
1.877209e-01
1.876745e-01
1.876494e-01
1.876365e-01
1.876411e-01
1.876573e-01
1.876846e-01
1.877067e-01
1.877264e-01
1.877544e-01
1.877854e-01
1.878402e-01
1.878952e-01
1.879555e-01
1.880101e-01
1.880508e-01
1.880851e-01
1.881161e-01
1.881419e-01
1.881694e-01
1.881976e-01
1.882206e-01
1.882420e-01
1.882485e-01
1.882620e-01
1.882676e-01
1.882671e-01
1.882644e-01
1.882611e-01
1.882519e-01
1.882422e-01
1.882320e-01
1.882590e-01
1.882642e-01
1.882638e-01
1.882704e-01
1.882968e-01
1.883338e-01
1.883808e-01
1.884421e-01
1.885052e-01
1.885592e-01
1.886150e-01
1.886681e-01
1.887029e-01
1.887305e-01
1.887491e-01
1.887488e-01
1.887462e-01
1.887444e-01
1.887341e-01
1.887258e-01
1.887207e-01
1.887207e-01
1.887242e-01
1.887294e-01
1.887065e-01
1.886951e-01
1.886842e-01
1.886740e-01
1.886668e-01
1.886591e-01
1.886607e-01
1.886627e-01
1.886774e-01
1.886891e-01
1.887081e-01
1.887351e-01
1.887754e-01
1.888148e-01
1.888542e-01
1.888948e-01
1.888974e-01
1.888780e-01
1.888583e-01
1.888305e-01
1.888069e-01
1.888040e-01
1.888040e-01
1.888303e-01
1.888706e-01
1.889379e-01
1.890152e-01
1.891028e-01
1.891953e-01
1.892953e-01
1.893863e-01
1.894595e-01
1.895171e-01
1.895592e-01
1.895891e-01
1.896081e-01
1.896204e-01
1.896367e-01
1.896457e-01
1.896668e-01
1.896856e-01
1.897045e-01
1.897306e-01
1.897615e-01
1.897926e-01
1.898364e-01
1.898769e-01
1.899159e-01
1.899629e-01
1.900044e-01
1.900452e-01
1.900612e-01
1.900865e-01
1.901051e-01
1.901235e-01
1.901320e-01
1.901336e-01
1.901232e-01
1.901099e-01
1.900813e-01
1.900613e-01
1.900373e-01
1.900113e-01
1.899870e-01
1.899637e-01
1.899463e-01
1.899258e-01
1.898909e-01
1.898498e-01
1.898033e-01
1.897665e-01
1.897262e-01
1.896717e-01
1.895973e-01
1.895281e-01
1.894457e-01
1.893534e-01
1.892626e-01
1.891687e-01
1.890884e-01
1.890061e-01
1.889266e-01
1.888450e-01
1.887715e-01
1.887030e-01
1.886280e-01
1.885645e-01
1.885095e-01
1.884809e-01
1.884603e-01
1.884437e-01
1.884285e-01
1.884232e-01
1.884412e-01
1.884514e-01
1.884665e-01
1.884751e-01
1.884685e-01
1.884558e-01
1.884362e-01
1.884246e-01
1.884130e-01
1.883932e-01
1.883848e-01
1.883863e-01
1.884119e-01
1.884568e-01
1.885143e-01
1.885637e-01
1.886212e-01
1.886830e-01
1.887551e-01
1.888429e-01
1.889261e-01
1.889875e-01
1.890132e-01
1.890135e-01
1.890002e-01
1.889880e-01
1.889833e-01
1.889718e-01
1.889649e-01
1.889613e-01
1.889556e-01
1.889545e-01
1.889502e-01
1.889340e-01
1.889040e-01
1.888658e-01
1.888149e-01
1.887612e-01
1.887008e-01
1.886454e-01
1.886111e-01
1.885859e-01
1.885885e-01
1.886173e-01
1.886751e-01
1.887382e-01
1.888075e-01
1.888734e-01
1.889248e-01
1.889539e-01
1.889656e-01
1.889557e-01
1.889301e-01
1.888919e-01
1.888481e-01
1.888050e-01
1.887718e-01
1.887475e-01
1.887308e-01
1.887194e-01
1.887097e-01
1.887079e-01
1.887059e-01
1.887137e-01
1.887103e-01
1.886942e-01
1.886504e-01
1.885970e-01
1.885296e-01
1.884551e-01
1.883619e-01
1.882625e-01
1.881512e-01
1.880385e-01
1.879120e-01
1.877760e-01
1.876308e-01
1.874823e-01
1.873357e-01
1.872114e-01
1.870933e-01
1.869981e-01
1.869034e-01
1.868178e-01
1.867314e-01
1.866424e-01
1.865493e-01
1.864586e-01
1.863483e-01
1.862367e-01
1.861059e-01
1.859768e-01
1.858503e-01
1.857290e-01
1.856137e-01
1.855111e-01
1.854218e-01
1.853613e-01
1.853163e-01
1.852938e-01
1.852635e-01
1.852577e-01
1.852608e-01
1.852700e-01
1.852805e-01
1.852972e-01
1.853253e-01
1.853734e-01
1.854359e-01
1.854988e-01
1.855701e-01
1.856559e-01
1.857506e-01
1.858539e-01
1.859471e-01
1.860297e-01
1.860983e-01
1.861526e-01
1.861869e-01
1.862121e-01
1.862274e-01
1.862386e-01
1.862551e-01
1.862730e-01
1.862856e-01
1.862973e-01
1.863127e-01
1.863287e-01
1.863562e-01
1.863875e-01
1.864258e-01
1.864595e-01
1.864928e-01
1.865271e-01
1.865556e-01
1.865757e-01
1.865910e-01
1.866105e-01
1.866506e-01
1.866963e-01
1.867499e-01
1.868186e-01
1.868751e-01
1.869241e-01
1.869501e-01
1.869539e-01
1.869555e-01
1.869603e-01
1.869657e-01
1.869718e-01
1.869788e-01
1.869954e-01
1.870113e-01
1.870212e-01
1.870226e-01
1.870257e-01
1.870307e-01
1.870481e-01
1.870738e-01
1.871135e-01
1.871646e-01
1.872327e-01
1.873212e-01
1.874391e-01
1.875578e-01
1.876579e-01
1.877551e-01
1.878333e-01
1.879047e-01
1.879678e-01
1.880275e-01
1.880845e-01
1.881471e-01
1.882261e-01
1.883105e-01
1.884160e-01
1.885413e-01
1.886714e-01
1.887893e-01
1.888968e-01
1.889816e-01
1.890615e-01
1.891439e-01
1.892174e-01
1.892800e-01
1.893282e-01
1.893591e-01
1.893668e-01
1.893659e-01
1.893581e-01
1.893453e-01
1.893331e-01
1.893207e-01
1.893082e-01
1.893041e-01
1.893023e-01
1.893094e-01
1.893356e-01
1.893610e-01
1.893789e-01
1.893964e-01
1.894127e-01
1.894224e-01
1.894180e-01
1.894156e-01
1.894100e-01
1.894058e-01
1.894065e-01
1.893798e-01
1.893536e-01
1.893150e-01
1.892910e-01
1.892700e-01
1.892605e-01
1.892671e-01
1.892767e-01
1.892876e-01
1.892944e-01
1.893058e-01
1.893114e-01
1.893114e-01
1.893322e-01
1.893677e-01
1.893994e-01
1.894822e-01
1.895521e-01
1.896401e-01
1.897208e-01
1.897985e-01
1.898640e-01
1.899160e-01
1.899718e-01
1.900120e-01
1.900249e-01
1.900183e-01
1.899950e-01
1.899524e-01
1.899007e-01
1.898252e-01
1.897328e-01
1.896327e-01
1.895245e-01
1.894102e-01
1.893069e-01
1.892176e-01
1.891481e-01
1.890778e-01
1.890202e-01
1.889748e-01
1.889404e-01
1.889033e-01
1.888698e-01
1.888271e-01
1.887767e-01
1.887191e-01
1.886616e-01
1.886001e-01
1.885348e-01
1.884753e-01
1.884092e-01
1.883467e-01
1.882766e-01
1.882027e-01
1.881295e-01
1.880606e-01
1.879683e-01
1.878773e-01
1.877955e-01
1.877068e-01
1.876282e-01
1.875498e-01
1.874535e-01
1.873603e-01
1.873024e-01
1.872533e-01
1.872349e-01
1.872214e-01
1.872323e-01
1.872407e-01
1.872560e-01
1.872835e-01
1.873312e-01
1.874006e-01
1.874885e-01
1.875685e-01
1.876355e-01
1.876998e-01
1.877586e-01
1.878162e-01
1.878759e-01
1.879180e-01
1.879515e-01
1.879684e-01
1.879671e-01
1.879556e-01
1.879233e-01
1.878914e-01
1.878642e-01
1.878454e-01
1.878400e-01
1.878406e-01
1.878488e-01
1.878581e-01
1.878755e-01
1.878948e-01
1.879205e-01
1.879594e-01
1.880049e-01
1.880569e-01
1.881089e-01
1.881631e-01
1.881955e-01
1.882024e-01
1.882018e-01
1.881803e-01
1.881427e-01
1.880802e-01
1.880093e-01
1.879334e-01
1.878563e-01
1.877707e-01
1.876643e-01
1.875530e-01
1.874508e-01
1.873221e-01
1.872318e-01
1.871220e-01
1.870242e-01
1.869258e-01
1.868298e-01
1.867332e-01
1.866153e-01
1.865245e-01
1.864468e-01
1.863604e-01
1.862890e-01
1.862309e-01
1.861861e-01
1.861492e-01
1.861209e-01
1.861016e-01
1.861106e-01
1.861353e-01
1.861525e-01
1.861783e-01
1.862136e-01
1.862555e-01
1.863088e-01
1.863693e-01
1.864340e-01
1.864871e-01
1.865470e-01
1.866106e-01
1.866753e-01
1.867345e-01
1.867873e-01
1.868156e-01
1.868425e-01
1.868582e-01
1.868649e-01
1.868809e-01
1.869031e-01
1.869371e-01
1.869894e-01
1.870510e-01
1.871313e-01
1.872190e-01
1.873047e-01
1.873974e-01
1.874880e-01
1.875777e-01
1.876615e-01
1.877431e-01
1.878230e-01
1.879087e-01
1.879989e-01
1.880834e-01
1.881549e-01
1.882141e-01
1.882807e-01
1.883151e-01
1.883297e-01
1.883275e-01
1.883245e-01
1.883158e-01
1.883100e-01
1.883045e-01
1.883323e-01
1.883918e-01
1.884655e-01
1.885416e-01
1.886226e-01
1.887343e-01
1.888523e-01
1.889729e-01
1.891041e-01
1.892291e-01
1.893399e-01
1.894321e-01
1.895167e-01
1.896000e-01
1.896904e-01
1.897860e-01
1.898709e-01
1.899668e-01
1.900519e-01
1.901186e-01
1.901775e-01
1.902220e-01
1.902492e-01
1.902635e-01
1.902739e-01
1.902886e-01
1.902761e-01
1.902528e-01
1.902026e-01
1.901527e-01
1.900957e-01
1.900334e-01
1.899747e-01
1.899151e-01
1.898467e-01
1.897911e-01
1.897365e-01
1.896874e-01
1.896423e-01
1.896031e-01
1.895730e-01
1.895623e-01
1.895707e-01
1.895959e-01
1.896185e-01
1.896344e-01
1.896535e-01
1.896579e-01
1.896564e-01
1.896663e-01
1.897112e-01
1.897360e-01
1.897488e-01
1.897416e-01
1.897260e-01
1.897038e-01
1.896715e-01
1.896034e-01
1.895165e-01
1.894169e-01
1.893220e-01
1.892293e-01
1.891277e-01
1.890184e-01
1.889134e-01
1.888207e-01
1.887292e-01
1.886608e-01
1.886079e-01
1.885621e-01
1.885432e-01
1.885452e-01
1.885705e-01
1.886127e-01
1.886538e-01
1.886851e-01
1.887082e-01
1.887157e-01
1.887171e-01
1.887089e-01
1.886970e-01
1.886832e-01
1.886681e-01
1.886588e-01
1.886550e-01
1.886517e-01
1.886342e-01
1.886025e-01
1.885502e-01
1.884727e-01
1.883870e-01
1.882827e-01
1.881762e-01
1.880839e-01
1.879807e-01
1.878615e-01
1.877628e-01
1.876548e-01
1.875512e-01
1.874487e-01
1.873481e-01
1.872517e-01
1.871487e-01
1.870442e-01
1.869366e-01
1.868313e-01
1.867351e-01
1.866502e-01
1.865815e-01
1.865244e-01
1.864760e-01
1.864342e-01
1.863889e-01
1.863424e-01
1.863153e-01
1.863148e-01
1.863181e-01
1.863456e-01
1.863829e-01
1.864035e-01
1.864310e-01
1.864554e-01
1.864806e-01
1.865060e-01
1.865410e-01
1.865842e-01
1.866171e-01
1.866588e-01
1.867145e-01
1.867804e-01
1.868556e-01
1.869353e-01
1.870559e-01
1.871917e-01
1.873193e-01
1.874509e-01
1.875928e-01
1.877233e-01
1.878475e-01
1.879577e-01
1.880682e-01
1.881664e-01
1.882523e-01
1.883211e-01
1.883802e-01
1.884249e-01
1.884552e-01
1.884855e-01
1.885074e-01
1.885286e-01
1.885584e-01
1.885989e-01
1.886441e-01
1.887078e-01
1.887877e-01
1.888774e-01
1.889896e-01
1.891051e-01
1.892123e-01
1.893135e-01
1.893943e-01
1.894663e-01
1.895272e-01
1.895915e-01
1.896472e-01
1.897007e-01
1.897343e-01
1.897480e-01
1.897405e-01
1.897189e-01
1.896829e-01
1.896315e-01
1.895822e-01
1.895325e-01
1.894878e-01
1.894408e-01
1.893973e-01
1.893497e-01
1.892937e-01
1.892325e-01
1.891514e-01
1.890638e-01
1.889696e-01
1.888618e-01
1.887508e-01
1.886280e-01
1.885108e-01
1.883807e-01
1.882709e-01
1.881544e-01
1.880485e-01
1.879496e-01
1.878871e-01
1.878389e-01
1.878048e-01
1.877850e-01
1.877733e-01
1.877742e-01
1.877653e-01
1.877497e-01
1.877258e-01
1.876917e-01
1.876707e-01
1.876693e-01
1.876728e-01
1.876934e-01
1.877102e-01
1.877373e-01
1.877503e-01
1.877383e-01
1.877054e-01
1.876515e-01
1.875928e-01
1.875293e-01
1.874613e-01
1.874015e-01
1.873540e-01
1.873274e-01
1.873055e-01
1.873000e-01
1.873119e-01
1.873341e-01
1.873629e-01
1.873945e-01
1.874370e-01
1.874635e-01
1.874824e-01
1.874931e-01
1.875204e-01
1.875701e-01
1.876262e-01
1.876973e-01
1.877686e-01
1.878298e-01
1.878709e-01
1.878956e-01
1.879055e-01
1.879017e-01
1.878792e-01
1.878515e-01
1.878212e-01
1.877785e-01
1.877684e-01
1.877629e-01
1.877738e-01
1.877993e-01
1.878458e-01
1.879218e-01
1.880274e-01
1.881405e-01
1.882597e-01
1.883840e-01
1.885246e-01
1.886729e-01
1.888092e-01
1.889519e-01
1.890779e-01
1.891775e-01
1.892499e-01
1.892914e-01
1.893072e-01
1.893193e-01
1.893295e-01
1.893352e-01
1.893381e-01
1.893558e-01
1.893671e-01
1.893887e-01
1.894063e-01
1.894158e-01
1.894215e-01
1.894175e-01
1.894146e-01
1.894086e-01
1.894034e-01
1.893897e-01
1.893717e-01
1.893628e-01
1.893715e-01
1.893829e-01
1.893852e-01
1.893798e-01
1.893617e-01
1.893315e-01
1.893091e-01
1.892626e-01
1.892304e-01
1.891978e-01
1.891600e-01
1.891253e-01
1.890820e-01
1.890623e-01
1.890502e-01
1.890369e-01
1.890151e-01
1.889945e-01
1.889661e-01
1.889421e-01
1.889116e-01
1.888820e-01
1.888492e-01
1.888178e-01
1.887999e-01
1.887786e-01
1.887722e-01
1.887590e-01
1.887326e-01
1.887152e-01
1.887004e-01
1.887014e-01
1.887256e-01
1.887836e-01
1.888607e-01
1.889441e-01
1.890235e-01
1.890913e-01
1.891395e-01
1.891852e-01
1.892148e-01
1.892326e-01
1.892251e-01
1.892245e-01
1.892298e-01
1.892414e-01
1.892696e-01
1.893198e-01
1.893677e-01
1.894030e-01
1.894478e-01
1.894973e-01
1.895408e-01
1.895888e-01
1.896347e-01
1.896897e-01
1.897449e-01
1.898128e-01
1.898903e-01
1.899735e-01
1.900467e-01
1.901269e-01
1.901873e-01
1.902228e-01
1.902262e-01
1.902084e-01
1.901972e-01
1.901894e-01
1.901990e-01
1.902143e-01
1.902080e-01
1.902014e-01
1.901833e-01
1.901599e-01
1.901114e-01
1.900706e-01
1.900247e-01
1.900059e-01
1.899737e-01
1.899461e-01
1.899197e-01
1.898706e-01
1.898072e-01
1.897495e-01
1.896732e-01
1.895938e-01
1.894988e-01
1.894105e-01
1.893156e-01
1.892249e-01
1.891417e-01
1.890648e-01
1.890327e-01
1.889946e-01
1.889585e-01
1.889174e-01
1.888698e-01
1.888165e-01
1.887516e-01
1.886812e-01
1.886033e-01
1.885332e-01
1.884535e-01
1.883667e-01
1.882819e-01
1.882051e-01
1.881586e-01
1.881569e-01
1.881792e-01
1.882131e-01
1.882529e-01
1.883077e-01
1.883612e-01
1.884159e-01
1.884675e-01
