2.344764e-01
2.345746e-01
2.346425e-01
2.346495e-01
2.345891e-01
2.345826e-01
2.345335e-01
2.345669e-01
2.345959e-01
2.346244e-01
2.346572e-01
2.346285e-01
2.346574e-01
2.346382e-01
2.345645e-01
2.344259e-01
2.343358e-01
2.343004e-01
2.342366e-01
2.342058e-01
2.341167e-01
2.340354e-01
2.338706e-01
2.336271e-01
2.334695e-01
2.333064e-01
2.332778e-01
2.332651e-01
2.331764e-01
2.332905e-01
2.332848e-01
2.332725e-01
2.331874e-01
2.332804e-01
2.333419e-01
2.334166e-01
2.335309e-01
2.336356e-01
2.339666e-01
2.342366e-01
2.343986e-01
2.347871e-01
2.350676e-01
2.353112e-01
2.355922e-01
2.358668e-01
2.357972e-01
2.361413e-01
2.363724e-01
2.365694e-01
2.366836e-01
2.367105e-01
2.370457e-01
2.368601e-01
2.368434e-01
2.367218e-01
2.367028e-01
2.365977e-01
2.366978e-01
2.368371e-01
2.368181e-01
2.365755e-01
2.368123e-01
2.365153e-01
2.366187e-01
2.366219e-01
2.364121e-01
2.365383e-01
2.366300e-01
2.367014e-01
2.369793e-01
2.372395e-01
2.373233e-01
2.373320e-01
2.371955e-01
2.371302e-01
2.366719e-01
2.367498e-01
2.366188e-01
2.365292e-01
2.363237e-01
2.362040e-01
2.361873e-01
2.361647e-01
2.363263e-01
2.361387e-01
2.361756e-01
2.361011e-01
2.358196e-01
2.358884e-01
2.357737e-01
2.357189e-01
2.355913e-01
2.355433e-01
2.354765e-01
2.355148e-01
2.355160e-01
2.355909e-01
2.354522e-01
2.354855e-01
2.353479e-01
2.352256e-01
2.352620e-01
2.350452e-01
2.349342e-01
2.347762e-01
2.345883e-01
2.344868e-01
2.345905e-01
2.345031e-01
2.343661e-01
2.341834e-01
2.340299e-01
2.338023e-01
2.337269e-01
2.336373e-01
2.335980e-01
2.337568e-01
2.338508e-01
2.338235e-01
2.336274e-01
2.334176e-01
2.332224e-01
2.329904e-01
2.328600e-01
2.327359e-01
2.327077e-01
2.325482e-01
2.323545e-01
2.321602e-01
2.320052e-01
2.318917e-01
2.318990e-01
2.319387e-01
2.320627e-01
2.321816e-01
2.323988e-01
2.325565e-01
2.326636e-01
2.327151e-01
2.327180e-01
2.327597e-01
2.328053e-01
2.328587e-01
2.329454e-01
2.329478e-01
2.329261e-01
2.328550e-01
2.327624e-01
2.327479e-01
2.327941e-01
2.329493e-01
2.331630e-01
2.334032e-01
2.336099e-01
2.337665e-01
2.338964e-01
2.339755e-01
2.340325e-01
2.341230e-01
2.342285e-01
2.344012e-01
2.345664e-01
2.347246e-01
2.348590e-01
2.350316e-01
2.351942e-01
2.353301e-01
2.355429e-01
2.357310e-01
2.359405e-01
2.360887e-01
2.362014e-01
2.362401e-01
2.362235e-01
2.362213e-01
2.361812e-01
2.361992e-01
2.362268e-01
2.362433e-01
2.363035e-01
2.363394e-01
2.364190e-01
2.365229e-01
2.365771e-01
2.366335e-01
2.366711e-01
2.366955e-01
2.367270e-01
2.367352e-01
2.367868e-01
2.368454e-01
2.369250e-01
2.370442e-01
2.371243e-01
2.372128e-01
2.373634e-01
2.375360e-01
2.377432e-01
2.379163e-01
2.380518e-01
2.381847e-01
2.382814e-01
2.383720e-01
2.384536e-01
2.385199e-01
2.385545e-01
2.385870e-01
2.386115e-01
2.386424e-01
2.386678e-01
2.387116e-01
2.387367e-01
2.387584e-01
2.387981e-01
2.388671e-01
2.389472e-01
2.390455e-01
2.391212e-01
2.392096e-01
2.392831e-01
2.393054e-01
2.393089e-01
2.393489e-01
2.394111e-01
2.394406e-01
2.394519e-01
2.394395e-01
2.394235e-01
2.393967e-01
2.393675e-01
2.393128e-01
2.392554e-01
2.392054e-01
2.391492e-01
2.391134e-01
2.391038e-01
2.390836e-01
2.390719e-01
2.390192e-01
2.389957e-01
2.389761e-01
2.389714e-01
2.389833e-01
2.390209e-01
2.390534e-01
2.390660e-01
2.390615e-01
2.390468e-01
2.389420e-01
2.388550e-01
2.386416e-01
2.385253e-01
2.383553e-01
2.381744e-01
2.380422e-01
2.378759e-01
2.376556e-01
2.373204e-01
2.369605e-01
2.366461e-01
2.363851e-01
2.362623e-01
2.361416e-01
2.359387e-01
2.357190e-01
2.354323e-01
2.352302e-01
2.350523e-01
2.348709e-01
2.346942e-01
2.345206e-01
2.344172e-01
2.343037e-01
2.342429e-01
2.341427e-01
2.340594e-01
2.339979e-01
2.339852e-01
2.340667e-01
2.341269e-01
2.341596e-01
2.341517e-01
2.342161e-01
2.343357e-01
2.344591e-01
2.345633e-01
2.346111e-01
2.346724e-01
2.346999e-01
2.346522e-01
2.345752e-01
2.344468e-01
2.344075e-01
2.343738e-01
2.344332e-01
2.345068e-01
2.345921e-01
2.346732e-01
2.347001e-01
2.347364e-01
2.347706e-01
2.348303e-01
2.348702e-01
2.349081e-01
2.348759e-01
2.348172e-01
2.347140e-01
2.346376e-01
2.346036e-01
2.345850e-01
2.345727e-01
2.346117e-01
2.345924e-01
2.346626e-01
2.346917e-01
2.346920e-01
2.346372e-01
2.345924e-01
2.345730e-01
2.345662e-01
2.345567e-01
2.345724e-01
2.346244e-01
2.347145e-01
2.348576e-01
2.349674e-01
2.350205e-01
2.350042e-01
2.349528e-01
2.349052e-01
2.348607e-01
2.348323e-01
2.347552e-01
2.346431e-01
2.345340e-01
2.344273e-01
2.343014e-01
2.341493e-01
2.340639e-01
2.340799e-01
2.341156e-01
2.340550e-01
2.339434e-01
2.337250e-01
2.335005e-01
2.334056e-01
2.333907e-01
2.333199e-01
2.332405e-01
2.331356e-01
2.330901e-01
2.331626e-01
2.331858e-01
2.331408e-01
2.330716e-01
2.330296e-01
2.330110e-01
2.330627e-01
2.331198e-01
2.331195e-01
2.331110e-01
2.331097e-01
2.331957e-01
2.332565e-01
2.333480e-01
2.334376e-01
2.335295e-01
2.336081e-01
2.335851e-01
2.335622e-01
2.334431e-01
2.333108e-01
2.331573e-01
2.330245e-01
2.329258e-01
2.328331e-01
2.327588e-01
2.327017e-01
2.326207e-01
2.325985e-01
2.325009e-01
2.323823e-01
2.322541e-01
2.322676e-01
2.322480e-01
2.322642e-01
2.322615e-01
2.322720e-01
2.322924e-01
2.322838e-01
2.322773e-01
2.322629e-01
2.323099e-01
2.323189e-01
2.323804e-01
2.323775e-01
2.324896e-01
2.326200e-01
2.327375e-01
2.329133e-01
2.330061e-01
2.331045e-01
2.331703e-01
2.333247e-01
2.334887e-01
2.335723e-01
2.335907e-01
2.336038e-01
2.335703e-01
2.335585e-01
2.335941e-01
2.335298e-01
2.334222e-01
2.333375e-01
2.332533e-01
2.332510e-01
2.332435e-01
2.332454e-01
2.332337e-01
2.331970e-01
2.331993e-01
2.331775e-01
2.331910e-01
2.331218e-01
2.330569e-01
2.330523e-01
2.330876e-01
2.331416e-01
2.331696e-01
2.331335e-01
2.330330e-01
2.329181e-01
2.328119e-01
2.326545e-01
2.324472e-01
2.323493e-01
2.322286e-01
2.321551e-01
2.321384e-01
2.321874e-01
2.321673e-01
2.321950e-01
2.322161e-01
2.322589e-01
2.324631e-01
2.325852e-01
2.328104e-01
2.330028e-01
2.331051e-01
2.330942e-01
2.330986e-01
2.331960e-01
2.332811e-01
2.332913e-01
2.332348e-01
2.331892e-01
2.330650e-01
2.329948e-01
2.328280e-01
2.328339e-01
2.328609e-01
2.329274e-01
2.328788e-01
2.328510e-01
2.327380e-01
2.326500e-01
2.326976e-01
2.326519e-01
2.326072e-01
2.325674e-01
2.325363e-01
2.325885e-01
2.326450e-01
2.327018e-01
2.326533e-01
2.325786e-01
2.324936e-01
2.325276e-01
2.326014e-01
2.326618e-01
2.326650e-01
2.326595e-01
2.326303e-01
2.325821e-01
2.326117e-01
2.326330e-01
2.326760e-01
2.326667e-01
2.327128e-01
2.328180e-01
2.329752e-01
2.331351e-01
2.332324e-01
2.332795e-01
2.332568e-01
2.332716e-01
2.333142e-01
2.333946e-01
2.334869e-01
2.335692e-01
2.336092e-01
2.336796e-01
2.338454e-01
2.339814e-01
2.341837e-01
2.343136e-01
2.344836e-01
2.345621e-01
2.346382e-01
2.346570e-01
2.347727e-01
2.348866e-01
2.350044e-01
2.350552e-01
2.350487e-01
2.350500e-01
2.350902e-01
2.351846e-01
2.353050e-01
2.354715e-01
2.356813e-01
2.358807e-01
2.360579e-01
2.361561e-01
2.362082e-01
2.362916e-01
2.364031e-01
2.365199e-01
2.366315e-01
2.367160e-01
2.368099e-01
2.369057e-01
2.369977e-01
2.369951e-01
2.369847e-01
2.368556e-01
2.368139e-01
2.368077e-01
2.368272e-01
2.367421e-01
2.365896e-01
2.363375e-01
2.361453e-01
2.360290e-01
2.358365e-01
2.357781e-01
2.356668e-01
2.355927e-01
2.355515e-01
2.355321e-01
2.355178e-01
2.353985e-01
2.352575e-01
2.351101e-01
2.351185e-01
2.351069e-01
2.351465e-01
2.351468e-01
2.351590e-01
2.351708e-01
2.353264e-01
2.354874e-01
2.356745e-01
2.357818e-01
2.358957e-01
2.360157e-01
2.360915e-01
2.361229e-01
2.361005e-01
2.360188e-01
2.360223e-01
2.360269e-01
2.359936e-01
2.360100e-01
2.360322e-01
2.360699e-01
2.361382e-01
2.362098e-01
2.362348e-01
2.362572e-01
2.362835e-01
2.362901e-01
2.362609e-01
2.361944e-01
2.361133e-01
2.360389e-01
2.359116e-01
2.358620e-01
2.357474e-01
2.356455e-01
2.355256e-01
2.353934e-01
2.353191e-01
2.352917e-01
2.352767e-01
2.351848e-01
2.350612e-01
2.348961e-01
2.347577e-01
2.346547e-01
2.345788e-01
2.345288e-01
2.345192e-01
2.345206e-01
2.345170e-01
2.345221e-01
2.345739e-01
2.345835e-01
2.346005e-01
2.344618e-01
2.343835e-01
2.343030e-01
2.342865e-01
2.343150e-01
2.343377e-01
2.342897e-01
2.342219e-01
2.346969e-01
2.340835e-01
2.340657e-01
2.340351e-01
2.339592e-01
2.339125e-01
2.338646e-01
2.337998e-01
2.337301e-01
2.335802e-01
2.334972e-01
2.334910e-01
2.334395e-01
2.333811e-01
2.332538e-01
2.332298e-01
2.331120e-01
2.330989e-01
2.330190e-01
2.329740e-01
2.328573e-01
2.327553e-01
2.325513e-01
2.324795e-01
2.323286e-01
2.322459e-01
2.320846e-01
2.319536e-01
2.318834e-01
2.318180e-01
2.317339e-01
2.316289e-01
2.316132e-01
2.316175e-01
2.316622e-01
2.317271e-01
2.317350e-01
2.317984e-01
2.318339e-01
2.318336e-01
2.318926e-01
2.319356e-01
2.319875e-01
2.320477e-01
2.321407e-01
2.322285e-01
2.323071e-01
2.323769e-01
2.324915e-01
2.326109e-01
2.327389e-01
2.329065e-01
2.330522e-01
2.332493e-01
2.333928e-01
2.335366e-01
2.336691e-01
2.337763e-01
2.338749e-01
2.339178e-01
2.339542e-01
2.339455e-01
2.340404e-01
2.340543e-01
2.340041e-01
2.339474e-01
2.337637e-01
2.335916e-01
2.335536e-01
2.335456e-01
2.335794e-01
2.335307e-01
2.335092e-01
2.334523e-01
2.334110e-01
2.335051e-01
2.335421e-01
2.335584e-01
2.336010e-01
2.336847e-01
2.337756e-01
2.338780e-01
2.338995e-01
2.339861e-01
2.340159e-01
2.341389e-01
2.342023e-01
2.342655e-01
2.343179e-01
2.343700e-01
2.343960e-01
2.344983e-01
2.344542e-01
2.343771e-01
2.342520e-01
2.342029e-01
2.342091e-01
2.341433e-01
2.340531e-01
2.339037e-01
2.337853e-01
2.337183e-01
2.336395e-01
2.336376e-01
2.336447e-01
2.336372e-01
2.336880e-01
2.337519e-01
2.338551e-01
2.339809e-01
2.341261e-01
2.342535e-01
2.343383e-01
2.343921e-01
2.343984e-01
2.343902e-01
2.344178e-01
2.344659e-01
2.345215e-01
2.346268e-01
2.347848e-01
2.350046e-01
2.352282e-01
2.354619e-01
2.356386e-01
2.357625e-01
2.358595e-01
2.360130e-01
2.361086e-01
2.361472e-01
2.361878e-01
2.362264e-01
2.362922e-01
2.363294e-01
2.363262e-01
2.362732e-01
2.361944e-01
2.361100e-01
2.360589e-01
2.360378e-01
2.359943e-01
2.359767e-01
2.360142e-01
2.360973e-01
2.362802e-01
2.364441e-01
2.365655e-01
2.366253e-01
2.366412e-01
2.366417e-01
2.365804e-01
2.366140e-01
2.366499e-01
2.366212e-01
2.364632e-01
2.362671e-01
2.361073e-01
2.359594e-01
2.358321e-01
2.356782e-01
2.354779e-01
2.353042e-01
2.351330e-01
2.350006e-01
2.348977e-01
2.347168e-01
2.344763e-01
2.342369e-01
2.339652e-01
2.337440e-01
2.337325e-01
2.336490e-01
2.335506e-01
2.333899e-01
2.332516e-01
2.331850e-01
2.331568e-01
2.331150e-01
2.330351e-01
2.329404e-01
2.327779e-01
2.327571e-01
2.327186e-01
2.326330e-01
2.326039e-01
2.325918e-01
2.326181e-01
2.327033e-01
2.327441e-01
2.328448e-01
2.328395e-01
2.328954e-01
2.329166e-01
2.329484e-01
2.329726e-01
2.330283e-01
2.330689e-01
2.331052e-01
2.331916e-01
2.333012e-01
2.334128e-01
2.335663e-01
2.336740e-01
2.337933e-01
2.338880e-01
2.340381e-01
2.341574e-01
2.344005e-01
2.346398e-01
2.348304e-01
2.349756e-01
2.350779e-01
2.351967e-01
2.352905e-01
2.354066e-01
2.353826e-01
2.353216e-01
2.353067e-01
2.352728e-01
2.353544e-01
2.355067e-01
2.356252e-01
2.357486e-01
2.358542e-01
2.359547e-01
2.360157e-01
2.360595e-01
2.361071e-01
2.361175e-01
2.361304e-01
2.360560e-01
2.360300e-01
2.359934e-01
2.359695e-01
2.358560e-01
2.357103e-01
2.355881e-01
2.355032e-01
2.353364e-01
2.352974e-01
2.351546e-01
2.350708e-01
2.350275e-01
2.349759e-01
2.349286e-01
2.349045e-01
2.348658e-01
2.348342e-01
2.348256e-01
2.348235e-01
2.348307e-01
2.348253e-01
2.348305e-01
2.348325e-01
2.349186e-01
2.349779e-01
2.350648e-01
2.350890e-01
2.351803e-01
2.352839e-01
2.354502e-01
2.355957e-01
2.356767e-01
2.357347e-01
2.357856e-01
2.358573e-01
2.359362e-01
2.360559e-01
2.362028e-01
2.363989e-01
2.365792e-01
2.367782e-01
2.369668e-01
2.372087e-01
2.374408e-01
2.376556e-01
2.377722e-01
2.378208e-01
2.378219e-01
2.377755e-01
2.376915e-01
2.375936e-01
2.375177e-01
2.374934e-01
2.374534e-01
2.373859e-01
2.372612e-01
2.371343e-01
2.370345e-01
2.369843e-01
2.369095e-01
2.369013e-01
2.368893e-01
2.368868e-01
2.369315e-01
2.369759e-01
2.369883e-01
2.370514e-01
2.369845e-01
2.370015e-01
2.369114e-01
2.368335e-01
2.367337e-01
2.366722e-01
2.366091e-01
2.363707e-01
2.362498e-01
2.360689e-01
2.359435e-01
2.358565e-01
2.358112e-01
2.357922e-01
2.357942e-01
2.357978e-01
2.358299e-01
2.358034e-01
2.357942e-01
2.357488e-01
2.356859e-01
2.355602e-01
2.355059e-01
2.354646e-01
2.354697e-01
2.354883e-01
2.354958e-01
2.354280e-01
2.353438e-01
2.353144e-01
2.353391e-01
2.353655e-01
2.353581e-01
2.353582e-01
2.353501e-01
2.353435e-01
2.353764e-01
2.354056e-01
2.354487e-01
2.354863e-01
2.355332e-01
2.355980e-01
2.356276e-01
2.357168e-01
2.358169e-01
2.359765e-01
2.360614e-01
2.361462e-01
2.362586e-01
2.363698e-01
2.365277e-01
2.366129e-01
2.367002e-01
2.367216e-01
2.367186e-01
2.366852e-01
2.366314e-01
2.365548e-01
2.365002e-01
2.364608e-01
2.364524e-01
2.363630e-01
2.362721e-01
2.361578e-01
2.360437e-01
2.359726e-01
2.359145e-01
2.358711e-01
2.358650e-01
2.358993e-01
2.359623e-01
2.359796e-01
2.360133e-01
2.360276e-01
2.360350e-01
2.360613e-01
2.360528e-01
2.360414e-01
2.360970e-01
2.361202e-01
2.361674e-01
2.362269e-01
2.363141e-01
2.364018e-01
2.364800e-01
2.365149e-01
2.364351e-01
2.364538e-01
2.364831e-01
2.364201e-01
2.363979e-01
2.362962e-01
2.363020e-01
2.362927e-01
2.363219e-01
2.363251e-01
2.363047e-01
2.362812e-01
2.362544e-01
2.362041e-01
2.362005e-01
2.361583e-01
2.361871e-01
2.361847e-01
2.361526e-01
2.360492e-01
2.359765e-01
2.358741e-01
2.358329e-01
2.357801e-01
2.356572e-01
2.355563e-01
2.355084e-01
2.354167e-01
2.352805e-01
2.351275e-01
2.349031e-01
2.347453e-01
2.347092e-01
2.346361e-01
2.345918e-01
2.344919e-01
2.344749e-01
2.344547e-01
2.343963e-01
2.343907e-01
2.344156e-01
2.344496e-01
2.344896e-01
2.345779e-01
2.346183e-01
2.346427e-01
2.346699e-01
2.347823e-01
2.348492e-01
2.348919e-01
2.349303e-01
2.349886e-01
2.349987e-01
2.350092e-01
2.349569e-01
2.349339e-01
2.349502e-01
2.350166e-01
2.350184e-01
2.350208e-01
2.350180e-01
2.350259e-01
2.350683e-01
2.351160e-01
2.351362e-01
2.351546e-01
2.352012e-01
2.352440e-01
2.352815e-01
2.353066e-01
2.353307e-01
2.353440e-01
2.353398e-01
2.352795e-01
2.352467e-01
2.352320e-01
2.352818e-01
2.353632e-01
2.354026e-01
2.354014e-01
2.353899e-01
2.353284e-01
2.353004e-01
2.353136e-01
2.352802e-01
2.352055e-01
2.352143e-01
2.352583e-01
2.353137e-01
2.353091e-01
2.353233e-01
2.353217e-01
2.353505e-01
2.354318e-01
2.354994e-01
2.356336e-01
2.358305e-01
2.360696e-01
2.363036e-01
2.364546e-01
2.365590e-01
2.366074e-01
2.366264e-01
2.366433e-01
2.366319e-01
2.366934e-01
2.367667e-01
2.368893e-01
2.369416e-01
2.369786e-01
2.369359e-01
2.368542e-01
2.367249e-01
2.366389e-01
2.366019e-01
2.367115e-01
2.367734e-01
2.368386e-01
2.367286e-01
2.366276e-01
2.365393e-01
2.365039e-01
2.365153e-01
2.365218e-01
2.364810e-01
2.363571e-01
2.363016e-01
2.362332e-01
2.361711e-01
2.361528e-01
2.361113e-01
2.360943e-01
2.360815e-01
2.361120e-01
2.362016e-01
2.363869e-01
2.366242e-01
2.368819e-01
2.371093e-01
2.373082e-01
2.374544e-01
2.376142e-01
2.377353e-01
2.378078e-01
2.378609e-01
2.379119e-01
2.379176e-01
2.378475e-01
2.377875e-01
2.377125e-01
2.376349e-01
2.375791e-01
2.375228e-01
2.374959e-01
2.374027e-01
2.372565e-01
2.371375e-01
2.369786e-01
2.369273e-01
2.368759e-01
2.368253e-01
2.368137e-01
2.367491e-01
2.366092e-01
2.365734e-01
2.366009e-01
2.365952e-01
2.366159e-01
2.365459e-01
2.365743e-01
2.366125e-01
2.366093e-01
2.365596e-01
2.364678e-01
2.363212e-01
2.362829e-01
2.362546e-01
2.362147e-01
2.361213e-01
2.360216e-01
2.360109e-01
2.360507e-01
2.360861e-01
2.360974e-01
2.361183e-01
2.361695e-01
2.362614e-01
2.362935e-01
2.363431e-01
2.362880e-01
2.362697e-01
2.362218e-01
2.362016e-01
2.362617e-01
2.363660e-01
2.364927e-01
2.365666e-01
2.365892e-01
2.365886e-01
2.366040e-01
2.366171e-01
2.365695e-01
2.365381e-01
2.364838e-01
2.365251e-01
2.365433e-01
2.364655e-01
2.363954e-01
2.362408e-01
2.360303e-01
2.358599e-01
2.357686e-01
2.357816e-01
2.358334e-01
2.358530e-01
2.358533e-01
2.358240e-01
2.358380e-01
2.358589e-01
2.358901e-01
2.359655e-01
2.360133e-01
2.360516e-01
2.361223e-01
2.361246e-01
2.361989e-01
2.362681e-01
2.363022e-01
2.363204e-01
2.364131e-01
2.364432e-01
2.364273e-01
2.364168e-01
2.364189e-01
2.364716e-01
2.365255e-01
2.365205e-01
2.365340e-01
2.365210e-01
2.365323e-01
2.365381e-01
2.365961e-01
2.365852e-01
2.364892e-01
2.364045e-01
2.364207e-01
2.364998e-01
2.365037e-01
2.363896e-01
2.362426e-01
2.360324e-01
2.358639e-01
2.358081e-01
2.357526e-01
2.357117e-01
2.356149e-01
2.355275e-01
2.354710e-01
2.353670e-01
2.353335e-01
2.353367e-01
2.353183e-01
2.352935e-01
2.352162e-01
2.351791e-01
2.351284e-01
2.351289e-01
2.351878e-01
2.352414e-01
2.353304e-01
2.353540e-01
2.354171e-01
2.354318e-01
2.355281e-01
2.356570e-01
2.357903e-01
2.358706e-01
2.359478e-01
2.360175e-01
2.360552e-01
2.360753e-01
2.360945e-01
2.360535e-01
2.360201e-01
2.360661e-01
2.361373e-01
2.361171e-01
2.361461e-01
2.361579e-01
2.361115e-01
2.360461e-01
2.359739e-01
2.358725e-01
2.358263e-01
2.358290e-01
2.358398e-01
2.358457e-01
2.358351e-01
2.357778e-01
2.357106e-01
2.356597e-01
2.356569e-01
2.356644e-01
2.356961e-01
2.357193e-01
2.357552e-01
2.357536e-01
2.357535e-01
2.356815e-01
2.356333e-01
2.356367e-01
2.356531e-01
2.356796e-01
2.357030e-01
2.357036e-01
2.357817e-01
2.358607e-01
2.359682e-01
2.360582e-01
2.361527e-01
2.361891e-01
2.361692e-01
2.361702e-01
2.361457e-01
2.361221e-01
2.360739e-01
2.360417e-01
2.360660e-01
2.360484e-01
2.360498e-01
2.360063e-01
2.359318e-01
2.358043e-01
2.357632e-01
2.356590e-01
2.357067e-01
2.357138e-01
2.358119e-01
2.357823e-01
2.356535e-01
2.354959e-01
2.353272e-01
2.351838e-01
2.350609e-01
2.350362e-01
2.351054e-01
2.350922e-01
2.350937e-01
2.351352e-01
2.351386e-01
2.350837e-01
2.349845e-01
2.349141e-01
2.349242e-01
2.349058e-01
2.348939e-01
2.348635e-01
2.347878e-01
2.346818e-01
2.346110e-01
2.345801e-01
2.345194e-01
2.345116e-01
2.344644e-01
2.344185e-01
2.344862e-01
2.344948e-01
2.344685e-01
2.344062e-01
2.343498e-01
2.342531e-01
2.342318e-01
2.341982e-01
2.341924e-01
2.341547e-01
2.342090e-01
2.343195e-01
2.344625e-01
2.345561e-01
2.345958e-01
2.347245e-01
2.347991e-01
2.349031e-01
2.349204e-01
2.349191e-01
2.349357e-01
2.349797e-01
2.350004e-01
2.349775e-01
2.349920e-01
2.349862e-01
2.349922e-01
2.349808e-01
2.349791e-01
2.350877e-01
2.351413e-01
2.352943e-01
2.353751e-01
2.354133e-01
2.354965e-01
2.355945e-01
2.357025e-01
2.357885e-01
2.357954e-01
2.357352e-01
2.356611e-01
2.356120e-01
2.356203e-01
2.356179e-01
2.356216e-01
2.356442e-01
2.356049e-01
2.354588e-01
2.353149e-01
2.352068e-01
2.351600e-01
2.350948e-01
2.350180e-01
2.349926e-01
2.350141e-01
2.350185e-01
2.349747e-01
2.348856e-01
2.348460e-01
2.347833e-01
2.347411e-01
2.347626e-01
2.347945e-01
2.348263e-01
2.347911e-01
2.346848e-01
2.345598e-01
2.343784e-01
2.342586e-01
2.341653e-01
2.340412e-01
2.339601e-01
2.338005e-01
2.337204e-01
2.337299e-01
2.337697e-01
2.338173e-01
2.339180e-01
2.339780e-01
2.340836e-01
2.341824e-01
2.342737e-01
2.343600e-01
2.344158e-01
2.344225e-01
2.344194e-01
2.343968e-01
2.344101e-01
2.344833e-01
2.345677e-01
2.346338e-01
2.346710e-01
2.347078e-01
2.346998e-01
2.347131e-01
2.346867e-01
2.346573e-01
2.346850e-01
2.346869e-01
2.346603e-01
2.346259e-01
2.345695e-01
2.345126e-01
2.343974e-01
2.342894e-01
2.342007e-01
2.341401e-01
2.341267e-01
2.341182e-01
2.340745e-01
2.340323e-01
2.339691e-01
2.339303e-01
2.338490e-01
2.338001e-01
2.338314e-01
2.338031e-01
2.337564e-01
2.336731e-01
2.335836e-01
2.334924e-01
2.334505e-01
2.333945e-01
2.334047e-01
2.334426e-01
2.334678e-01
2.335727e-01
2.336280e-01
2.336847e-01
2.336810e-01
2.337353e-01
2.337590e-01
2.337914e-01
2.337973e-01
2.338434e-01
2.338908e-01
2.339188e-01
2.338605e-01
2.338305e-01
2.337345e-01
2.336506e-01
2.336858e-01
2.335957e-01
2.334996e-01
2.333937e-01
2.333469e-01
2.333691e-01
2.333632e-01
2.333335e-01
2.332402e-01
2.330709e-01
2.329704e-01
2.329320e-01
2.329408e-01
2.329023e-01
2.328996e-01
2.328761e-01
2.328426e-01
2.327396e-01
2.326707e-01
2.326267e-01
2.325959e-01
2.325771e-01
2.325849e-01
2.326412e-01
2.327508e-01
2.328446e-01
2.329709e-01
2.329469e-01
2.329016e-01
2.327985e-01
2.327805e-01
2.328123e-01
2.328779e-01
2.328398e-01
2.328180e-01
2.328607e-01
2.328670e-01
2.328433e-01
2.328132e-01
2.328268e-01
2.327994e-01
2.328199e-01
2.328218e-01
2.328808e-01
2.329362e-01
2.330299e-01
2.330318e-01
2.330439e-01
2.331128e-01
2.332658e-01
2.334264e-01
2.335928e-01
2.338532e-01
2.340420e-01
2.342660e-01
2.344340e-01
2.345036e-01
2.345879e-01
2.346902e-01
2.347533e-01
2.348101e-01
2.348508e-01
2.349650e-01
2.350753e-01
2.351570e-01
2.351017e-01
2.350328e-01
2.348382e-01
2.347076e-01
2.346467e-01
2.345752e-01
2.344623e-01
2.343294e-01
2.342136e-01
2.341099e-01
2.339144e-01
2.337586e-01
2.335593e-01
2.334180e-01
2.332338e-01
2.331064e-01
2.331318e-01
2.331858e-01
2.333337e-01
2.333967e-01
2.334101e-01
2.334724e-01
2.335493e-01
2.337141e-01
2.339383e-01
2.341280e-01
2.342652e-01
2.343959e-01
2.345201e-01
2.346485e-01
2.347866e-01
2.348752e-01
2.349687e-01
2.350435e-01
2.351215e-01
2.352235e-01
2.353753e-01
2.354864e-01
2.356029e-01
2.357067e-01
2.357858e-01
2.358600e-01
2.359350e-01
2.360647e-01
2.361975e-01
2.363027e-01
2.364377e-01
2.365606e-01
2.366719e-01
2.367102e-01
2.367680e-01
2.368346e-01
2.369413e-01
2.370994e-01
2.372341e-01
2.373100e-01
2.373105e-01
2.372953e-01
2.373462e-01
2.373550e-01
2.372968e-01
2.372447e-01
2.371296e-01
2.371166e-01
2.371147e-01
2.370861e-01
2.369814e-01
2.368118e-01
2.366584e-01
2.364971e-01
2.362796e-01
2.361199e-01
2.359871e-01
2.358784e-01
2.358199e-01
2.357317e-01
2.356530e-01
2.355570e-01
2.354950e-01
2.354886e-01
2.354479e-01
2.353709e-01
2.352906e-01
2.352073e-01
2.351131e-01
2.350656e-01
2.349941e-01
2.349781e-01
2.349049e-01
2.348522e-01
2.348194e-01
2.348156e-01
2.348317e-01
2.348054e-01
2.348113e-01
2.347581e-01
2.347363e-01
2.346757e-01
2.345586e-01
2.344531e-01
2.343643e-01
2.343460e-01
2.343819e-01
2.344846e-01
2.345610e-01
2.345736e-01
2.345913e-01
2.346224e-01
2.346371e-01
2.346746e-01
2.347249e-01
2.348225e-01
2.348962e-01
2.348757e-01
2.348666e-01
2.348523e-01
2.348770e-01
2.349037e-01
2.350110e-01
2.350390e-01
2.350595e-01
2.350802e-01
2.351307e-01
2.351700e-01
2.351166e-01
2.350402e-01
2.349565e-01
2.349026e-01
2.349013e-01
2.349016e-01
2.350074e-01
2.350401e-01
2.350579e-01
2.350542e-01
2.350499e-01
2.350916e-01
2.351851e-01
2.352445e-01
2.352761e-01
2.352595e-01
2.352393e-01
2.352353e-01
2.352466e-01
2.352404e-01
2.352372e-01
2.351800e-01
2.351319e-01
2.351417e-01
2.351238e-01
2.350912e-01
2.350786e-01
2.350554e-01
2.350453e-01
2.350676e-01
2.350571e-01
2.350594e-01
2.350481e-01
2.350415e-01
2.350525e-01
2.351306e-01
2.351183e-01
2.351840e-01
2.351571e-01
2.351814e-01
2.352147e-01
2.352257e-01
2.352754e-01
2.352659e-01
2.352516e-01
2.353247e-01
2.352218e-01
2.353070e-01
2.352889e-01
2.352249e-01
2.351727e-01
2.351544e-01
2.351594e-01
2.351813e-01
2.352090e-01
2.352108e-01
2.352802e-01
2.354050e-01
2.355769e-01
2.356941e-01
2.357693e-01
2.357915e-01
2.358868e-01
2.359858e-01
2.360910e-01
2.361085e-01
2.361099e-01
2.360771e-01
2.360043e-01
2.359679e-01
2.359158e-01
2.359233e-01
2.359506e-01
2.359242e-01
2.359857e-01
2.360330e-01
2.360695e-01
2.361524e-01
2.362554e-01
2.362911e-01
2.363346e-01
2.363293e-01
2.363711e-01
2.364190e-01
2.364926e-01
2.365939e-01
2.366428e-01
2.366585e-01
2.366332e-01
2.365841e-01
2.365962e-01
2.365804e-01
2.365854e-01
2.366037e-01
2.365939e-01
2.366131e-01
2.366489e-01
2.367477e-01
2.367158e-01
2.367546e-01
2.367340e-01
2.366590e-01
2.365813e-01
2.364062e-01
2.362942e-01
2.362254e-01
2.361589e-01
2.360921e-01
2.359528e-01
2.357636e-01
2.355615e-01
2.354561e-01
2.354447e-01
2.353373e-01
2.353057e-01
2.352379e-01
2.351912e-01
2.351050e-01
2.350414e-01
2.349254e-01
2.348695e-01
2.348030e-01
2.348320e-01
2.349159e-01
2.349619e-01
2.349633e-01
2.349278e-01
2.348827e-01
2.348058e-01
2.347803e-01
2.347398e-01
2.346864e-01
2.346210e-01
2.345944e-01
2.346290e-01
2.346590e-01
2.346869e-01
2.346992e-01
2.347522e-01
2.347355e-01
2.348221e-01
2.349410e-01
2.350838e-01
2.352182e-01
2.352762e-01
2.353541e-01
2.354176e-01
2.354546e-01
2.354481e-01
2.355138e-01
2.355294e-01
2.354964e-01
2.354539e-01
2.354411e-01
2.354672e-01
2.355661e-01
2.356004e-01
2.355888e-01
2.355941e-01
2.356049e-01
2.355892e-01
2.354983e-01
2.354016e-01
2.353258e-01
2.352668e-01
2.353050e-01
2.353675e-01
2.353832e-01
2.354199e-01
2.354403e-01
2.355007e-01
2.355613e-01
2.355985e-01
2.356053e-01
2.355493e-01
2.354470e-01
2.353943e-01
2.353623e-01
2.352738e-01
2.351797e-01
2.351324e-01
2.350909e-01
2.351657e-01
2.352189e-01
2.352323e-01
2.352768e-01
2.352709e-01
2.353049e-01
2.352763e-01
2.352483e-01
2.351878e-01
2.350994e-01
2.350116e-01
2.349132e-01
2.347582e-01
2.345912e-01
2.344724e-01
2.343474e-01
2.341256e-01
2.339832e-01
2.338173e-01
2.336939e-01
2.335824e-01
2.333844e-01
2.331425e-01
2.329707e-01
2.329062e-01
2.329316e-01
2.328789e-01
2.327658e-01
2.325767e-01
2.324426e-01
2.323780e-01
2.322688e-01
2.321278e-01
2.320078e-01
2.318906e-01
2.318587e-01
2.317840e-01
2.317038e-01
2.316348e-01
2.315897e-01
2.315910e-01
2.316488e-01
2.317158e-01
2.317072e-01
2.317353e-01
2.317939e-01
2.318780e-01
2.319594e-01
2.320645e-01
2.321433e-01
2.321940e-01
2.322718e-01
2.323352e-01
2.324454e-01
2.325503e-01
2.325744e-01
2.326000e-01
2.326471e-01
2.326831e-01
2.327246e-01
2.327443e-01
2.327117e-01
2.326940e-01
2.326859e-01
2.326772e-01
2.326853e-01
2.326191e-01
2.325858e-01
2.325457e-01
2.325302e-01
2.325722e-01
2.326069e-01
2.327154e-01
2.328031e-01
2.328975e-01
2.329928e-01
2.330698e-01
2.330753e-01
2.331125e-01
2.332308e-01
2.333196e-01
2.333624e-01
2.333582e-01
2.333267e-01
2.333286e-01
2.334030e-01
2.334049e-01
2.333921e-01
2.333345e-01
2.333069e-01
2.332715e-01
2.332206e-01
2.331510e-01
2.331355e-01
2.332019e-01
2.332370e-01
2.332732e-01
2.332806e-01
2.332959e-01
2.332521e-01
2.332954e-01
2.333339e-01
2.334309e-01
2.335289e-01
2.337199e-01
2.338862e-01
2.340192e-01
2.340919e-01
2.341162e-01
2.342051e-01
2.342501e-01
2.343323e-01
2.344147e-01
2.345089e-01
2.346675e-01
2.348078e-01
2.349455e-01
2.351148e-01
2.352786e-01
2.354434e-01
2.355589e-01
2.356855e-01
2.357470e-01
2.358710e-01
2.359460e-01
2.359749e-01
2.359767e-01
2.358934e-01
2.358212e-01
2.357839e-01
2.357820e-01
2.357391e-01
2.356667e-01
2.356148e-01
2.355828e-01
2.355738e-01
2.355514e-01
2.355888e-01
2.356566e-01
2.357128e-01
2.357271e-01
2.357422e-01
2.357427e-01
2.358244e-01
2.358724e-01
2.358802e-01
2.358717e-01
2.358581e-01
2.358765e-01
2.359350e-01
2.360049e-01
2.360132e-01
2.360177e-01
2.359422e-01
2.359829e-01
2.361006e-01
2.361215e-01
2.361188e-01
2.361347e-01
2.361384e-01
2.361443e-01
2.361215e-01
2.361294e-01
2.361696e-01
2.362671e-01
2.363789e-01
2.364612e-01
2.365979e-01
2.367290e-01
2.368703e-01
2.369786e-01
2.370649e-01
2.371440e-01
2.372161e-01
2.371825e-01
2.371337e-01
2.370305e-01
2.369176e-01
2.368290e-01
2.367990e-01
2.367008e-01
2.365563e-01
2.363728e-01
2.361537e-01
2.359919e-01
2.358217e-01
2.357106e-01
2.356437e-01
2.356142e-01
2.356233e-01
2.356051e-01
2.355413e-01
2.355141e-01
2.354669e-01
2.354558e-01
2.353963e-01
2.353760e-01
2.353149e-01
2.352602e-01
2.352063e-01
2.351626e-01
2.351198e-01
2.351208e-01
2.350584e-01
2.348727e-01
2.348386e-01
2.346492e-01
2.346207e-01
2.346607e-01
2.346348e-01
2.345167e-01
2.343759e-01
2.342248e-01
2.341125e-01
2.340373e-01
2.339932e-01
2.339941e-01
2.340112e-01
2.340453e-01
2.340409e-01
2.340434e-01
2.340432e-01
2.340638e-01
2.341570e-01
2.342021e-01
2.342528e-01
2.342660e-01
2.343088e-01
2.343577e-01
2.344181e-01
2.344461e-01
2.344858e-01
2.345186e-01
2.345012e-01
2.344878e-01
2.344320e-01
2.344113e-01
2.344089e-01
2.344148e-01
2.343862e-01
2.343826e-01
2.343658e-01
2.343800e-01
2.344449e-01
2.345131e-01
2.345702e-01
2.346625e-01
2.347605e-01
2.348675e-01
2.350597e-01
2.352070e-01
2.352232e-01
2.352807e-01
2.352794e-01
2.353548e-01
2.353706e-01
2.353752e-01
2.352706e-01
2.351040e-01
2.349018e-01
2.347737e-01
2.347454e-01
2.346335e-01
2.344521e-01
2.342403e-01
2.340600e-01
2.339595e-01
2.338943e-01
2.337874e-01
2.335807e-01
2.333839e-01
2.331678e-01
2.330957e-01
2.330213e-01
2.329339e-01
2.328073e-01
2.327178e-01
2.326974e-01
2.325761e-01
2.325779e-01
2.325324e-01
2.324828e-01
2.324838e-01
2.325437e-01
2.325430e-01
2.325609e-01
2.325928e-01
2.326539e-01
2.327268e-01
2.327471e-01
2.327678e-01
2.327963e-01
2.328480e-01
2.329165e-01
2.329823e-01
2.330448e-01
2.330992e-01
2.331328e-01
2.331717e-01
2.332090e-01
2.332254e-01
2.332140e-01
2.331946e-01
2.332385e-01
2.333050e-01
2.333933e-01
2.334719e-01
2.335295e-01
2.335956e-01
2.336452e-01
2.336996e-01
2.338308e-01
2.339587e-01
2.340662e-01
2.341188e-01
2.341786e-01
2.342690e-01
2.344028e-01
2.345048e-01
2.346207e-01
2.347555e-01
2.348875e-01
2.349724e-01
2.349721e-01
2.349052e-01
2.348299e-01
2.347641e-01
2.348025e-01
2.348704e-01
2.349274e-01
2.349723e-01
2.350476e-01
2.350932e-01
2.353386e-01
2.355023e-01
2.356826e-01
2.358647e-01
2.360131e-01
2.360996e-01
2.361365e-01
2.362257e-01
2.363154e-01
2.364248e-01
2.365432e-01
2.366605e-01
2.367585e-01
2.368202e-01
2.368380e-01
2.369222e-01
2.369496e-01
2.370166e-01
2.370837e-01
2.371408e-01
2.371008e-01
2.370379e-01
2.368949e-01
2.367531e-01
2.367196e-01
2.366995e-01
2.366361e-01
2.365096e-01
2.363797e-01
2.362709e-01
2.361890e-01
2.360870e-01
2.360262e-01
2.359242e-01
2.358847e-01
2.358612e-01
2.358626e-01
2.358896e-01
2.359311e-01
2.359904e-01
2.359912e-01
2.360598e-01
2.361049e-01
2.361738e-01
2.361940e-01
2.362552e-01
2.363196e-01
2.363432e-01
2.364110e-01
2.365029e-01
2.364727e-01
2.364141e-01
2.363047e-01
2.361659e-01
2.360808e-01
2.360350e-01
2.359766e-01
2.358719e-01
2.357463e-01
2.355666e-01
2.354794e-01
2.354181e-01
2.353574e-01
2.353314e-01
2.353410e-01
2.353608e-01
2.354140e-01
2.354303e-01
2.354527e-01
2.355100e-01
2.355818e-01
2.356081e-01
2.356203e-01
2.355817e-01
2.355730e-01
2.355622e-01
2.355710e-01
2.356577e-01
2.357296e-01
2.357755e-01
2.357218e-01
2.356663e-01
2.355879e-01
2.355605e-01
2.356386e-01
2.356021e-01
2.354952e-01
2.352727e-01
2.350602e-01
2.349580e-01
2.348713e-01
2.347075e-01
2.344866e-01
2.343439e-01
2.341955e-01
2.340894e-01
2.339463e-01
2.339175e-01
2.338045e-01
2.336967e-01
2.334390e-01
2.333055e-01
2.332105e-01
2.331633e-01
2.330880e-01
2.330037e-01
2.329173e-01
2.328520e-01
2.327859e-01
2.327188e-01
2.326719e-01
2.326020e-01
2.326134e-01
2.326504e-01
2.327257e-01
2.327483e-01
2.327785e-01
2.328069e-01
2.328226e-01
2.328689e-01
2.328981e-01
2.329167e-01
2.329679e-01
2.330413e-01
2.331703e-01
2.332938e-01
2.333735e-01
2.335862e-01
2.338139e-01
2.340001e-01
2.341783e-01
2.343691e-01
2.345645e-01
2.347328e-01
2.348456e-01
2.349417e-01
2.350248e-01
2.351004e-01
2.351738e-01
2.352205e-01
2.352943e-01
2.353461e-01
2.354581e-01
2.355259e-01
2.355291e-01
2.354873e-01
2.354405e-01
2.354224e-01
2.354659e-01
2.355518e-01
2.356315e-01
2.357253e-01
2.358123e-01
2.359018e-01
2.359588e-01
2.360091e-01
2.360700e-01
2.361323e-01
2.362592e-01
2.363498e-01
2.364829e-01
2.364931e-01
2.364841e-01
2.363753e-01
2.363966e-01
2.364008e-01
2.364297e-01
2.364517e-01
2.363557e-01
2.363340e-01
2.363391e-01
2.363275e-01
2.362730e-01
2.362806e-01
2.361597e-01
2.359687e-01
2.357403e-01
2.355943e-01
2.354488e-01
2.353716e-01
2.352222e-01
2.350531e-01
2.348455e-01
2.346414e-01
2.345148e-01
2.343622e-01
2.341678e-01
2.341123e-01
2.340898e-01
2.341182e-01
2.341179e-01
2.341412e-01
2.341801e-01
2.342274e-01
2.342193e-01
2.341740e-01
2.341536e-01
2.340992e-01
2.340759e-01
2.340718e-01
2.341495e-01
2.341969e-01
2.342515e-01
2.342436e-01
2.341541e-01
2.339977e-01
2.339100e-01
2.338672e-01
2.337961e-01
2.337204e-01
2.336880e-01
2.336275e-01
2.336154e-01
2.336276e-01
2.336150e-01
2.336107e-01
2.336500e-01
2.336963e-01
2.337630e-01
2.338360e-01
2.338533e-01
2.339181e-01
2.339215e-01
2.339783e-01
2.340172e-01
2.340823e-01
2.342532e-01
2.344559e-01
2.345931e-01
2.346762e-01
2.346444e-01
2.345618e-01
2.345457e-01
2.345201e-01
2.344496e-01
2.343331e-01
2.342588e-01
2.341420e-01
2.341385e-01
2.341561e-01
2.341971e-01
2.342716e-01
2.343113e-01
2.343894e-01
2.344122e-01
2.344776e-01
2.345724e-01
2.347508e-01
2.349806e-01
2.352230e-01
2.354847e-01
2.356502e-01
2.357579e-01
2.358124e-01
2.358185e-01
2.358287e-01
2.358303e-01
2.358372e-01
2.359029e-01
2.358849e-01
2.359106e-01
2.359436e-01
2.360353e-01
2.360305e-01
2.360771e-01
2.361214e-01
2.361793e-01
2.362392e-01
2.361900e-01
2.361627e-01
2.360824e-01
2.360712e-01
2.360865e-01
2.360895e-01
2.360856e-01
2.360788e-01
2.360681e-01
2.360955e-01
2.361127e-01
2.362093e-01
2.362267e-01
2.362347e-01
2.361927e-01
2.360914e-01
2.361011e-01
2.361660e-01
2.361935e-01
2.362315e-01
2.361635e-01
2.360806e-01
2.359753e-01
2.358912e-01
2.357527e-01
2.356949e-01
2.356007e-01
2.356443e-01
2.356092e-01
2.356086e-01
2.355768e-01
2.356126e-01
2.355890e-01
2.355621e-01
2.355578e-01
2.355225e-01
2.355180e-01
2.356277e-01
2.357569e-01
2.358567e-01
2.358865e-01
2.359225e-01
2.359417e-01
2.359508e-01
2.360168e-01
2.360976e-01
2.361370e-01
2.361366e-01
2.360757e-01
2.360287e-01
2.359867e-01
2.360293e-01
2.360398e-01
2.360588e-01
2.360954e-01
2.361528e-01
2.361944e-01
2.362138e-01
2.362350e-01
2.362716e-01
2.363415e-01
2.364015e-01
2.364791e-01
2.365616e-01
2.366680e-01
2.367412e-01
2.368201e-01
2.368903e-01
2.369316e-01
2.369260e-01
2.369817e-01
2.370437e-01
2.371656e-01
2.371650e-01
2.371358e-01
2.370357e-01
2.370274e-01
2.370928e-01
2.371715e-01
2.371612e-01
2.370559e-01
2.368914e-01
2.368592e-01
2.368959e-01
2.369310e-01
2.369761e-01
2.369151e-01
2.368909e-01
2.368583e-01
2.368221e-01
2.367260e-01
2.366629e-01
2.365807e-01
2.365103e-01
2.363404e-01
2.362238e-01
2.362069e-01
2.362468e-01
2.362897e-01
2.363252e-01
2.362960e-01
2.362613e-01
2.361333e-01
2.359926e-01
2.358141e-01
2.355743e-01
2.354868e-01
2.353998e-01
2.352913e-01
2.351997e-01
2.350403e-01
2.349135e-01
2.348199e-01
2.348521e-01
2.349436e-01
2.350297e-01
2.350153e-01
2.349501e-01
2.349181e-01
2.348605e-01
