-6.852279e-03
-7.598592e-03
-8.575660e-03
-9.854126e-03
-1.221108e-02
-1.369644e-02
-1.696067e-02
-1.731440e-02
-1.786711e-02
-1.833059e-02
-1.669785e-02
-1.409671e-02
-1.178733e-02
-9.425797e-03
-7.716344e-03
-6.810669e-03
-6.572882e-03
-6.836169e-03
-6.586005e-03
-5.686647e-03
-3.636634e-03
-1.356892e-03
1.515385e-03
4.562296e-03
7.259165e-03
7.704749e-03
6.643555e-03
4.606747e-03
1.867689e-03
8.758835e-05
-1.201602e-03
-8.546134e-04
4.402215e-04
2.007344e-03
2.915202e-03
2.425460e-03
-4.056798e-04
-3.884979e-03
-7.986699e-03
-1.229767e-02
-1.686219e-02
-1.901312e-02
-2.027405e-02
-2.052757e-02
-1.896420e-02
-1.566804e-02
-1.173470e-02
-8.474671e-03
-6.871763e-03
-7.573872e-03
-1.013413e-02
-1.638807e-02
-2.075383e-02
-2.511837e-02
-2.783437e-02
-2.948549e-02
-2.969357e-02
-2.861888e-02
-2.647296e-02
-2.367088e-02
-2.096914e-02
-1.883980e-02
-1.686652e-02
-1.459834e-02
-1.259261e-02
-1.104152e-02
-8.890651e-03
-6.203042e-03
-3.596131e-03
-1.701989e-03
-3.033899e-04
-3.601103e-04
-1.700616e-03
-4.239621e-03
-8.284933e-03
-1.339253e-02
-1.926247e-02
-2.301268e-02
-2.386808e-02
-2.384126e-02
-2.354890e-02
-2.283202e-02
-2.113124e-02
-1.889243e-02
-1.731558e-02
-1.575881e-02
-1.500746e-02
-1.507608e-02
-1.570751e-02
-1.665464e-02
-1.704068e-02
-1.629020e-02
-1.389109e-02
-1.049227e-02
-6.624765e-03
-2.565049e-03
-1.946065e-04
-1.342534e-04
-1.111013e-03
-2.465563e-03
-3.483795e-03
-4.609576e-03
-4.763764e-03
-3.117233e-03
-4.626310e-04
4.477727e-04
8.749893e-04
7.230301e-04
-2.304429e-04
7.353947e-04
1.670455e-03
3.219625e-03
5.376833e-03
7.329530e-03
9.443312e-03
9.789035e-03
8.895835e-03
7.995066e-03
5.448273e-03
2.641153e-03
-5.524395e-04
-3.846954e-03
-5.926005e-03
-7.103066e-03
-6.987906e-03
-5.669940e-03
-3.193166e-03
-6.401403e-04
1.698340e-03
3.480165e-03
5.218908e-03
7.185019e-03
8.048539e-03
8.520464e-03
8.788139e-03
9.237092e-03
9.578955e-03
1.000597e-02
9.963263e-03
8.893080e-03
7.358968e-03
4.897012e-03
2.602743e-03
-2.210542e-04
-1.461592e-03
-2.742008e-03
-3.706631e-03
-5.404634e-03
-7.830899e-03
-1.022386e-02
-1.352206e-02
-1.721403e-02
-2.221634e-02
-2.672892e-02
-2.970099e-02
-3.254232e-02
-3.388167e-02
-3.554942e-02
-3.726907e-02
-3.898561e-02
-4.018530e-02
-4.016123e-02
-3.898028e-02
-3.697329e-02
-3.453837e-02
-3.220778e-02
-3.039506e-02
-2.842744e-02
-2.723520e-02
-2.664146e-02
-2.636308e-02
-2.694626e-02
-2.844023e-02
-3.036976e-02
-3.280314e-02
-3.515285e-02
-3.754369e-02
-3.940256e-02
-4.063427e-02
-4.120814e-02
-4.059765e-02
-3.978051e-02
-3.870010e-02
-3.938565e-02
-4.013152e-02
-4.171168e-02
-4.344126e-02
-4.520312e-02
-4.682757e-02
-4.944462e-02
-5.057909e-02
-5.111288e-02
-4.992135e-02
-4.661605e-02
-4.250120e-02
-3.835573e-02
-3.412577e-02
-2.955953e-02
-2.564376e-02
-2.351960e-02
-2.229255e-02
-2.137238e-02
-2.109756e-02
-2.142571e-02
-2.262035e-02
-2.418238e-02
-2.645241e-02
-2.903921e-02
-3.071221e-02
-3.257081e-02
-3.381927e-02
-3.582041e-02
-3.615479e-02
-3.550688e-02
-3.483834e-02
-3.353159e-02
-3.143323e-02
-2.706317e-02
-2.332604e-02
-1.850639e-02
-1.163840e-02
-7.690061e-03
-2.773873e-03
1.356418e-03
3.559877e-03
5.076429e-03
5.109018e-03
3.651139e-03
9.070090e-04
-2.175668e-03
-5.417333e-03
-7.949233e-03
-8.344210e-03
-6.702750e-03
-3.152923e-03
-2.468645e-05
2.397818e-03
3.933146e-03
3.290747e-03
2.201248e-03
-3.034991e-04
-2.119595e-03
-3.039337e-03
-4.018181e-03
-3.500743e-03
-2.727005e-03
-1.325578e-03
6.823068e-05
1.665324e-03
2.795563e-03
3.035787e-03
2.608390e-03
2.524518e-03
2.307064e-03
2.900661e-03
4.907071e-03
7.053013e-03
9.508574e-03
1.252357e-02
1.254052e-02
1.138175e-02
9.370804e-03
6.251516e-03
2.618167e-03
1.806208e-04
-1.268678e-03
-1.744014e-03
-2.202088e-03
-3.340381e-03
-4.773083e-03
-6.308840e-03
-7.617951e-03
-8.634386e-03
-1.004885e-02
-1.083736e-02
-1.114916e-02
-1.024804e-02
-8.308634e-03
-5.566914e-03
-2.326596e-03
1.610570e-04
1.881628e-03
3.304861e-03
2.757211e-03
1.689754e-03
-1.060947e-03
-4.513179e-03
-7.735670e-03
-1.071753e-02
-1.270675e-02
-1.332872e-02
-1.280853e-02
-1.096587e-02
-8.308610e-03
-3.700730e-03
-1.164691e-04
2.805849e-03
6.543954e-03
7.460605e-03
5.624579e-03
1.829852e-03
-2.982911e-03
-7.692708e-03
-1.190672e-02
-1.417349e-02
-1.552876e-02
-1.483821e-02
-1.184459e-02
-7.836323e-03
-2.973677e-03
2.585870e-03
6.177094e-03
7.280970e-03
7.115164e-03
5.177342e-03
2.076052e-03
-1.518590e-03
-4.500692e-03
-6.782405e-03
-7.748897e-03
-6.229219e-03
-4.385633e-03
-8.429626e-04
2.711191e-03
5.790773e-03
8.847109e-03
1.030226e-02
1.033644e-02
8.715045e-03
5.543859e-03
1.563003e-03
-2.541869e-03
-6.240161e-03
-9.932789e-03
-1.335398e-02
-1.539005e-02
-1.646626e-02
-1.668556e-02
-1.634570e-02
-1.553496e-02
-1.484840e-02
-1.375348e-02
-1.170593e-02
-8.794134e-03
-5.295070e-03
-1.645828e-03
4.668497e-04
2.244535e-03
3.281064e-03
4.713290e-03
5.601917e-03
5.690398e-03
4.486876e-03
2.005786e-03
-1.724082e-03
-8.565737e-03
-1.091558e-02
-1.287532e-02
-1.337983e-02
-1.252760e-02
-9.792726e-03
-5.555518e-03
-1.186779e-03
2.987955e-03
4.777446e-03
5.902912e-03
5.303281e-03
3.714095e-03
1.601190e-03
6.070975e-05
-7.237377e-04
-8.289606e-04
-3.637484e-04
5.157100e-04
1.921654e-03
3.197606e-03
5.020157e-03
7.413206e-03
1.010198e-02
1.226505e-02
1.380308e-02
1.504604e-02
1.479228e-02
1.381716e-02
1.301628e-02
1.192937e-02
1.086697e-02
1.000423e-02
9.772414e-03
1.047845e-02
1.172660e-02
1.399869e-02
1.398146e-02
1.366362e-02
1.218767e-02
1.017822e-02
6.626301e-03
3.547877e-03
1.696193e-03
1.081661e-03
1.893137e-03
3.885927e-03
6.808077e-03
9.470070e-03
1.292688e-02
1.696716e-02
1.981776e-02
2.125296e-02
2.082870e-02
1.901488e-02
1.703854e-02
1.533119e-02
1.390823e-02
1.281610e-02
1.202222e-02
1.261733e-02
1.507722e-02
1.894197e-02
2.319799e-02
2.705895e-02
2.994603e-02
3.248271e-02
3.335095e-02
3.210961e-02
2.980011e-02
2.617447e-02
2.098047e-02
1.664581e-02
1.030476e-02
6.687602e-03
5.257184e-03
3.933191e-03
2.563010e-03
9.015629e-04
-7.587121e-04
-3.789957e-03
-6.769230e-03
-9.475853e-03
-1.231923e-02
-1.496457e-02
-1.661210e-02
-1.768214e-02
-1.859632e-02
-1.895486e-02
-1.915118e-02
-1.939715e-02
-1.984830e-02
-2.016112e-02
-2.123951e-02
-2.268029e-02
-2.418151e-02
-2.618701e-02
-2.865575e-02
-3.147272e-02
-3.509948e-02
-3.659571e-02
-3.733758e-02
-3.922523e-02
-4.184911e-02
-4.552093e-02
-4.936026e-02
-5.264044e-02
-5.430602e-02
-5.563629e-02
-5.497710e-02
-5.237125e-02
-4.482717e-02
-3.866712e-02
-2.779172e-02
-1.250021e-02
-5.735607e-03
3.836554e-03
1.081106e-02
1.442458e-02
1.746034e-02
1.953182e-02
2.014129e-02
2.011370e-02
2.018658e-02
2.007992e-02
1.956776e-02
1.828983e-02
1.684420e-02
1.519827e-02
1.368619e-02
1.284326e-02
1.252319e-02
1.198085e-02
1.114910e-02
9.959819e-03
8.911743e-03
8.909741e-03
1.032151e-02
1.228074e-02
1.489823e-02
1.730773e-02
1.868271e-02
1.904849e-02
1.830940e-02
1.654032e-02
1.329195e-02
8.682223e-03
7.536253e-04
-5.218971e-03
-1.377177e-02
-2.043259e-02
-2.882617e-02
-3.195192e-02
-3.548837e-02
-4.050686e-02
-4.590302e-02
-4.803397e-02
-4.899635e-02
-4.833265e-02
-4.668585e-02
-4.430853e-02
-4.185686e-02
-3.931563e-02
-3.722569e-02
-3.566848e-02
-3.377091e-02
-3.211898e-02
-2.947769e-02
-2.668068e-02
-2.371891e-02
-1.994658e-02
-1.679989e-02
-1.361549e-02
-1.154972e-02
-1.131829e-02
-1.326608e-02
-1.576928e-02
-1.824190e-02
-2.159146e-02
-2.541698e-02
-2.982780e-02
-3.416113e-02
-3.754568e-02
-3.920575e-02
-3.859740e-02
-3.606829e-02
-3.202163e-02
-2.765100e-02
-2.482624e-02
-2.247934e-02
-2.012640e-02
-1.776203e-02
-1.662623e-02
-1.603949e-02
-1.619401e-02
-1.614463e-02
-1.656490e-02
-1.761323e-02
-1.891820e-02
-1.882658e-02
-1.782971e-02
-1.488936e-02
-1.107887e-02
-7.133178e-03
-3.036308e-03
3.231713e-03
6.075543e-03
9.271554e-03
1.143146e-02
1.183126e-02
1.052121e-02
8.186044e-03
3.810988e-03
-6.446906e-04
-5.538882e-03
-1.290832e-02
-1.734482e-02
-2.136249e-02
-2.526223e-02
-2.850585e-02
-3.184736e-02
-3.285557e-02
-3.315943e-02
-3.283797e-02
-3.280758e-02
-3.275453e-02
-3.255318e-02
-3.246418e-02
-3.229352e-02
-3.235337e-02
-3.360739e-02
-3.475716e-02
-3.796858e-02
-4.035044e-02
-4.251190e-02
-4.456685e-02
-4.689494e-02
-4.830684e-02
-4.861971e-02
-4.771649e-02
-4.619608e-02
-4.380927e-02
-4.092912e-02
-3.769309e-02
-3.481392e-02
-3.277058e-02
-3.295651e-02
-3.378932e-02
-3.562222e-02
-3.825621e-02
-4.140823e-02
-4.393134e-02
-4.778486e-02
-5.169080e-02
-5.551209e-02
-5.993005e-02
-6.156664e-02
-6.180720e-02
-6.072250e-02
-5.952112e-02
-5.743984e-02
-5.508779e-02
-5.115027e-02
-4.727089e-02
-4.243961e-02
-3.761560e-02
-3.538696e-02
-3.456596e-02
-3.432447e-02
-3.512004e-02
-3.596630e-02
-3.651711e-02
-3.757080e-02
-3.876474e-02
-3.922657e-02
-3.955591e-02
-4.014333e-02
-4.033679e-02
-4.027286e-02
-3.921315e-02
-3.724088e-02
-3.290982e-02
-2.702970e-02
-2.103786e-02
-1.539018e-02
-8.567348e-03
-5.347547e-03
-4.071779e-03
-6.922267e-03
-1.121532e-02
-1.712600e-02
-2.219460e-02
-2.660607e-02
-2.964629e-02
-3.207034e-02
-3.274040e-02
-3.314544e-02
-3.368262e-02
-3.378990e-02
-3.379092e-02
-3.327889e-02
-3.258531e-02
-3.126022e-02
-2.956805e-02
-2.865285e-02
-2.842787e-02
-2.896806e-02
-3.052961e-02
-3.235019e-02
-3.451883e-02
-3.589121e-02
-3.676038e-02
-3.660887e-02
-3.590193e-02
-3.456721e-02
-3.338434e-02
-3.249564e-02
-3.232801e-02
-3.301950e-02
-3.468235e-02
-3.729230e-02
-4.101649e-02
-4.434092e-02
-4.665882e-02
-4.830594e-02
-4.816582e-02
-4.617867e-02
-4.345871e-02
-3.754554e-02
-3.197321e-02
-2.703604e-02
-2.498582e-02
-2.311818e-02
-2.251553e-02
-2.269654e-02
-2.354849e-02
-2.479692e-02
-2.681496e-02
-2.843855e-02
-3.056172e-02
-3.318855e-02
-3.657214e-02
-3.913843e-02
-4.365825e-02
-4.284016e-02
-4.008296e-02
-3.716329e-02
-3.011922e-02
-2.379094e-02
-1.787150e-02
-1.318819e-02
-1.124580e-02
-1.081119e-02
-1.109380e-02
-1.164664e-02
-1.217099e-02
-1.232710e-02
-1.227016e-02
-1.151335e-02
-9.883135e-03
-6.898819e-03
-5.056552e-03
-2.504628e-04
3.956007e-03
7.026506e-03
1.065421e-02
1.202688e-02
1.374541e-02
1.479754e-02
1.547421e-02
1.551904e-02
1.536940e-02
1.349825e-02
1.010844e-02
5.698498e-03
8.057191e-04
-3.118205e-03
-6.680624e-03
-9.211850e-03
-1.107479e-02
-1.242131e-02
-1.307961e-02
-1.369265e-02
-1.450385e-02
-1.454869e-02
-1.458416e-02
-1.498849e-02
-1.364521e-02
-1.121403e-02
-7.862570e-03
-4.070056e-03
-1.850376e-04
6.945440e-03
1.229612e-02
2.011328e-02
2.316800e-02
2.474118e-02
2.384381e-02
2.059792e-02
1.654338e-02
1.189046e-02
7.452963e-03
4.967666e-03
4.385076e-03
4.982326e-03
6.428515e-03
6.797792e-03
7.202382e-03
7.520070e-03
7.598485e-03
8.328133e-03
9.193258e-03
1.109403e-02
1.166432e-02
1.303258e-02
1.401909e-02
1.504554e-02
1.557843e-02
1.532514e-02
1.466966e-02
1.424013e-02
1.342024e-02
1.267768e-02
1.195458e-02
1.180428e-02
1.182423e-02
1.137265e-02
1.130809e-02
1.090543e-02
1.017113e-02
8.903023e-03
7.442574e-03
5.546623e-03
5.442637e-03
4.917405e-03
3.141205e-03
7.975501e-04
-2.081832e-03
-5.404585e-03
-7.418191e-03
-8.640427e-03
-9.806086e-03
-9.619003e-03
-9.356243e-03
-9.269199e-03
-9.559871e-03
-1.044869e-02
-1.173627e-02
-1.316422e-02
-1.496496e-02
-1.622275e-02
-1.864941e-02
-2.033585e-02
-2.277295e-02
-2.486511e-02
-2.752448e-02
-3.125417e-02
-3.532154e-02
-4.016851e-02
-4.442996e-02
-4.936834e-02
-5.116234e-02
-5.195107e-02
-4.978134e-02
-4.636582e-02
-4.090970e-02
-3.372675e-02
-2.771463e-02
-2.262928e-02
-1.944861e-02
-1.749544e-02
-1.622104e-02
-1.644249e-02
-1.667348e-02
-1.765078e-02
-1.837955e-02
-1.882190e-02
-1.927926e-02
-1.972453e-02
-2.065089e-02
-2.234326e-02
-2.451838e-02
-2.638605e-02
-2.755162e-02
-2.827178e-02
-2.907191e-02
-2.957614e-02
-2.967135e-02
-3.020216e-02
-3.130934e-02
-3.536470e-02
-3.878976e-02
-4.217158e-02
-4.780072e-02
-5.423120e-02
-5.876906e-02
-6.477747e-02
-6.867296e-02
-7.308444e-02
-7.645863e-02
-7.778376e-02
-7.923605e-02
-7.849671e-02
-7.722794e-02
-7.588666e-02
-7.384700e-02
-7.192995e-02
-6.987707e-02
-6.649153e-02
-6.257250e-02
-5.878640e-02
-5.436160e-02
-4.856968e-02
-3.996981e-02
-3.410692e-02
-2.913291e-02
-1.977711e-02
-1.869685e-02
-1.839754e-02
-1.957982e-02
-2.087451e-02
-2.503296e-02
-2.692627e-02
-2.873688e-02
-3.006679e-02
-3.188724e-02
-3.407029e-02
-3.499427e-02
-3.540342e-02
-3.480174e-02
-3.315549e-02
-3.069850e-02
-2.700607e-02
-2.380131e-02
-2.067600e-02
-1.670068e-02
-1.415607e-02
-1.232662e-02
-1.104279e-02
-1.104436e-02
-1.239654e-02
-1.528396e-02
-1.889046e-02
-2.381347e-02
-2.821123e-02
-3.213168e-02
-3.346621e-02
-3.341851e-02
-3.165415e-02
-2.817398e-02
-2.515815e-02
-2.212089e-02
-2.084119e-02
-2.032079e-02
-2.106499e-02
-2.305854e-02
-2.584160e-02
-2.945849e-02
-3.181231e-02
-3.511651e-02
-3.544708e-02
-3.731045e-02
-3.749328e-02
-3.757001e-02
-3.727189e-02
-3.590582e-02
-3.397103e-02
-3.282241e-02
-3.091974e-02
-3.036314e-02
-2.957465e-02
-2.936875e-02
-2.908737e-02
-2.877445e-02
-2.796575e-02
-2.651659e-02
-2.449995e-02
-2.253882e-02
-1.953033e-02
-1.676755e-02
-1.153630e-02
-6.550083e-03
-2.896964e-03
2.821755e-03
6.798925e-03
9.684910e-03
1.182424e-02
1.242209e-02
1.217488e-02
1.111350e-02
9.727919e-03
7.857325e-03
5.681309e-03
2.517395e-03
-1.677381e-03
-6.670715e-03
-1.166164e-02
-1.856263e-02
-2.411854e-02
-2.703996e-02
-3.036034e-02
-3.014635e-02
-2.755201e-02
-2.366610e-02
-1.379564e-02
-1.095391e-02
-1.543708e-03
4.042969e-04
3.164030e-03
4.547298e-03
5.422694e-03
3.939305e-03
1.304864e-03
-2.955721e-03
-5.114986e-03
-7.025269e-03
-8.260165e-03
-9.656071e-03
-1.085540e-02
-1.118999e-02
-1.119327e-02
-1.117445e-02
-1.154146e-02
-1.213040e-02
-1.260479e-02
-1.268360e-02
-1.294554e-02
-1.394692e-02
-1.583128e-02
-1.814666e-02
-2.161202e-02
-2.523120e-02
-2.832689e-02
-3.042675e-02
-3.187390e-02
-3.151523e-02
-3.041582e-02
-2.825039e-02
-2.407968e-02
-2.222923e-02
-2.281539e-02
-2.386874e-02
-2.640827e-02
-2.978374e-02
-3.233277e-02
-3.457138e-02
-3.532204e-02
-3.668473e-02
-3.727996e-02
-3.708331e-02
-3.626394e-02
-3.494163e-02
-3.386484e-02
-3.356668e-02
-3.438314e-02
-3.573558e-02
-3.742715e-02
-3.878547e-02
-3.896415e-02
-3.800002e-02
-3.584336e-02
-3.277696e-02
-2.913912e-02
-2.384526e-02
-1.889923e-02
-1.643091e-02
-1.388944e-02
-1.288321e-02
-1.243886e-02
-1.378954e-02
-1.603557e-02
-1.912227e-02
-2.278440e-02
-2.629049e-02
-2.813179e-02
-2.897040e-02
-2.920081e-02
-2.750240e-02
-2.497960e-02
-2.264247e-02
-1.853010e-02
-1.544226e-02
-1.167250e-02
-1.026530e-02
-9.475099e-03
-6.822105e-03
-6.033602e-03
-5.977503e-03
-6.652469e-03
-7.742507e-03
-8.313506e-03
-8.072730e-03
-6.946476e-03
-4.930316e-03
-5.341326e-03
-7.350270e-03
-1.235362e-02
-1.828978e-02
-2.568689e-02
-3.303913e-02
-3.941786e-02
-4.469364e-02
-4.811752e-02
-4.891534e-02
-4.915459e-02
-5.031234e-02
-5.215814e-02
-5.421019e-02
-5.632710e-02
-5.945475e-02
-6.064077e-02
-6.190644e-02
-6.140086e-02
-5.893327e-02
-5.470929e-02
-4.906335e-02
-3.990064e-02
-3.160004e-02
-2.510379e-02
-2.038369e-02
-1.199791e-02
-8.112062e-03
-5.903068e-03
-3.203944e-03
8.653873e-04
3.175381e-03
6.862091e-03
8.301754e-03
9.544453e-03
8.505302e-03
6.423485e-03
3.848759e-03
-1.060875e-03
-4.205373e-03
-7.336755e-03
-9.330941e-03
-1.029869e-02
-1.100428e-02
-1.121871e-02
-1.111182e-02
-1.062375e-02
-9.437065e-03
-9.522116e-03
-7.222027e-03
-6.715952e-03
-5.691564e-03
-5.064199e-03
-5.838179e-03
-8.089252e-03
-1.225999e-02
-1.796274e-02
-2.493249e-02
-3.039691e-02
-3.406893e-02
-3.504147e-02
-3.407626e-02
-3.151236e-02
-2.942561e-02
-2.581989e-02
-2.418556e-02
-2.371631e-02
-2.273183e-02
-2.181037e-02
-2.080313e-02
-2.008859e-02
-1.924908e-02
-1.874929e-02
-1.796579e-02
-1.722402e-02
-1.653420e-02
-1.604858e-02
-1.564108e-02
-1.597040e-02
-1.634183e-02
-1.734441e-02
-1.880248e-02
-2.000257e-02
-2.108862e-02
-2.152198e-02
-2.188033e-02
-2.256078e-02
-2.367701e-02
-2.519491e-02
-2.668790e-02
-2.808958e-02
-2.957960e-02
-3.137316e-02
-3.333204e-02
-3.508167e-02
-3.639121e-02
-3.699733e-02
-3.720674e-02
-3.717117e-02
-3.771664e-02
-3.880908e-02
-4.044396e-02
-4.396758e-02
-4.766027e-02
-5.222784e-02
-5.780876e-02
-6.099135e-02
-6.260044e-02
-6.280172e-02
-6.169320e-02
-5.950306e-02
-5.830939e-02
-5.727103e-02
-5.657517e-02
-5.572492e-02
-5.521592e-02
-5.422549e-02
-5.478719e-02
-5.529210e-02
-5.667241e-02
-5.624313e-02
-5.794652e-02
-5.560216e-02
-5.362679e-02
-5.177395e-02
-4.815965e-02
-4.522241e-02
-4.110438e-02
-3.859555e-02
-3.661089e-02
-3.544761e-02
-3.475740e-02
-3.428582e-02
-3.315847e-02
-3.077327e-02
-2.742449e-02
-2.150040e-02
-1.555610e-02
-8.656014e-03
-3.754433e-03
1.162699e-03
2.857095e-03
2.457327e-03
-3.285888e-04
-4.042267e-03
-9.533902e-03
-1.461402e-02
-1.864028e-02
-2.035162e-02
-1.950447e-02
-1.587634e-02
-1.024641e-02
-4.393635e-03
-2.864292e-04
3.041636e-03
3.845844e-03
2.678728e-03
7.048284e-04
-1.977985e-03
-6.585449e-03
-9.955399e-03
-1.293141e-02
-1.656820e-02
-2.038676e-02
-2.461758e-02
-2.902657e-02
-3.268596e-02
-3.394043e-02
-3.336476e-02
-3.080731e-02
-2.823651e-02
-2.461526e-02
-2.102285e-02
-1.881746e-02
-1.877796e-02
-1.984276e-02
-2.080756e-02
-2.220616e-02
-2.296061e-02
-2.250363e-02
-2.159212e-02
-2.042409e-02
-1.863180e-02
-1.612383e-02
-1.422344e-02
-1.190880e-02
-1.046101e-02
-9.876050e-03
-9.381591e-03
-8.426648e-03
-6.979752e-03
-3.217584e-03
-1.511208e-03
3.679404e-04
1.312086e-03
1.620784e-03
8.282165e-04
-1.014212e-03
-3.575282e-03
-6.755834e-03
-8.689012e-03
-9.345233e-03
-8.325406e-03
-5.654552e-03
-1.007346e-03
5.464585e-03
7.693676e-03
1.011588e-02
1.072632e-02
9.824251e-03
6.895172e-03
8.775769e-04
-5.608652e-03
-8.762905e-03
-1.314265e-02
-1.622810e-02
-2.135328e-02
-2.231638e-02
-2.115978e-02
-1.806189e-02
-1.557561e-02
-1.277173e-02
-1.175595e-02
-1.258873e-02
-1.645802e-02
-1.975840e-02
-2.317218e-02
-2.698974e-02
-2.983024e-02
-2.993664e-02
-2.708133e-02
-2.293700e-02
-1.540415e-02
-8.834948e-03
-4.060820e-03
-1.150529e-03
3.499649e-03
4.824764e-03
5.601113e-03
5.788682e-03
4.730406e-03
3.467523e-03
2.668828e-03
2.514700e-03
3.380158e-03
5.307309e-03
7.199142e-03
8.383409e-03
8.629349e-03
8.270292e-03
7.377391e-03
6.100724e-03
5.197877e-03
3.973895e-03
3.380754e-03
2.140963e-03
1.699427e-04
-1.191092e-03
-2.653890e-03
-3.266092e-03
-3.402947e-03
-3.048327e-03
-2.627725e-03
-2.174356e-03
-1.462355e-03
-6.332006e-04
2.829059e-04
2.095056e-03
2.074822e-03
2.572230e-03
2.355933e-03
2.549573e-03
2.175598e-03
1.456615e-03
2.305637e-04
-2.318758e-03
-6.371612e-03
-1.187253e-02
-1.837002e-02
-2.536987e-02
-3.005775e-02
-3.695077e-02
-3.846707e-02
-4.029830e-02
-4.012280e-02
-3.949067e-02
-3.903650e-02
-3.907626e-02
-3.931885e-02
-4.114757e-02
-4.117512e-02
-4.181976e-02
-4.311385e-02
-4.660404e-02
-5.030894e-02
-5.375833e-02
-5.894948e-02
-6.360390e-02
-6.443195e-02
-6.371446e-02
-6.156681e-02
-5.905137e-02
-5.607612e-02
-5.218902e-02
-5.044464e-02
-4.999539e-02
-5.001473e-02
-4.919472e-02
-4.745172e-02
-4.608863e-02
-4.359101e-02
-3.807744e-02
-3.551070e-02
-3.417518e-02
-3.273665e-02
-3.237530e-02
-3.242718e-02
-3.268366e-02
-3.247377e-02
-3.240910e-02
-3.105896e-02
-3.056276e-02
-2.993360e-02
-2.963116e-02
-3.000271e-02
-3.200924e-02
-3.455603e-02
-3.722108e-02
-4.030899e-02
-4.238825e-02
-4.232719e-02
-4.165650e-02
-3.963181e-02
-3.773467e-02
-3.799325e-02
-3.876566e-02
-4.031856e-02
-4.409728e-02
-4.689089e-02
-4.936163e-02
-4.997111e-02
-5.146250e-02
-5.043392e-02
-4.840734e-02
-4.536564e-02
-4.317718e-02
-4.026182e-02
-3.861605e-02
-3.632324e-02
-3.385559e-02
-3.102060e-02
-2.824757e-02
-2.550456e-02
-2.163853e-02
-2.224595e-02
-2.409493e-02
-2.668809e-02
-3.098623e-02
-3.538435e-02
-3.926066e-02
-4.268380e-02
-4.514592e-02
-4.784288e-02
-5.067658e-02
-5.160134e-02
-5.234029e-02
-5.209678e-02
-5.057214e-02
-4.922693e-02
-4.615884e-02
-4.408404e-02
-3.835607e-02
-3.318499e-02
-2.667926e-02
-2.112439e-02
-1.319523e-02
-5.508139e-03
1.161724e-03
5.258615e-03
6.908154e-03
4.989181e-03
6.340705e-04
-3.192262e-03
-8.475131e-03
-1.288549e-02
-1.768853e-02
-2.000282e-02
-2.025993e-02
-1.836233e-02
-1.600179e-02
-8.515749e-03
-4.000215e-03
-8.679139e-04
3.465107e-03
8.154151e-03
1.252914e-02
1.454544e-02
1.969896e-02
2.077064e-02
2.279085e-02
2.470829e-02
2.666231e-02
2.875550e-02
2.888414e-02
2.853198e-02
2.747719e-02
2.497186e-02
1.919943e-02
1.365956e-02
9.571203e-03
4.045774e-03
1.539207e-03
1.661820e-04
-1.131790e-04
8.193187e-04
2.103651e-03
2.901384e-03
3.398487e-03
3.266664e-03
3.457053e-03
3.437331e-03
4.398779e-03
5.285766e-03
6.294219e-03
7.380948e-03
9.017342e-03
1.032753e-02
1.096743e-02
1.121804e-02
1.227357e-02
1.344525e-02
1.594733e-02
2.064216e-02
2.462963e-02
2.923650e-02
3.717731e-02
4.244427e-02
4.481432e-02
4.745693e-02
4.965457e-02
4.999357e-02
4.925119e-02
4.737615e-02
4.394457e-02
3.868177e-02
3.375073e-02
2.897932e-02
2.002781e-02
1.560067e-02
1.130266e-02
5.571123e-03
1.664836e-03
-2.173349e-03
-5.272461e-03
-7.756886e-03
-1.087369e-02
-1.398827e-02
-1.668786e-02
-1.998344e-02
-2.277415e-02
-2.513214e-02
-2.875700e-02
-3.294392e-02
-3.604030e-02
-3.902201e-02
-4.244172e-02
-4.229689e-02
-4.198554e-02
-4.127822e-02
-4.082636e-02
-4.110746e-02
-4.346005e-02
-4.807228e-02
-5.254844e-02
-5.871694e-02
-6.208121e-02
-6.534903e-02
-6.605846e-02
-6.600441e-02
-6.546682e-02
-6.467330e-02
-6.319219e-02
-6.043467e-02
-5.667272e-02
-5.227861e-02
-4.865815e-02
-4.546501e-02
-4.415236e-02
-4.308361e-02
-4.204575e-02
-4.070765e-02
-3.975059e-02
-3.963517e-02
-4.017097e-02
-4.023923e-02
-3.957669e-02
-3.745333e-02
-3.600540e-02
-3.357684e-02
-2.763182e-02
-2.731274e-02
-2.787372e-02
-2.887433e-02
-2.967491e-02
-2.968467e-02
-2.843627e-02
-2.571235e-02
-2.058351e-02
-1.649890e-02
-1.341809e-02
-1.035521e-02
-7.842604e-03
-7.822382e-03
-8.820082e-03
-1.171783e-02
-1.514777e-02
-1.847937e-02
-2.196996e-02
-2.508307e-02
-2.647120e-02
-2.688707e-02
-2.546065e-02
-2.225189e-02
-1.756323e-02
-1.100346e-02
-5.306585e-03
1.598400e-03
6.378366e-03
8.339339e-03
8.789537e-03
8.289720e-03
6.634706e-03
4.613493e-03
3.199404e-03
1.159621e-03
-7.698799e-05
-2.650867e-03
-2.502925e-03
-1.835178e-03
9.568572e-04
5.207473e-03
1.161444e-02
1.639552e-02
2.357612e-02
2.736075e-02
3.438546e-02
3.445520e-02
3.516178e-02
3.512446e-02
3.356253e-02
2.973914e-02
2.925333e-02
2.924109e-02
3.007607e-02
3.265086e-02
3.539204e-02
4.004803e-02
4.291238e-02
4.604419e-02
4.720406e-02
4.762152e-02
4.554646e-02
4.317547e-02
4.129704e-02
4.010285e-02
3.962869e-02
3.993078e-02
4.034347e-02
4.016056e-02
3.921607e-02
3.690033e-02
3.388855e-02
2.967080e-02
2.541218e-02
2.229321e-02
1.945192e-02
1.486333e-02
1.219280e-02
1.006369e-02
9.402122e-03
8.255090e-03
7.518321e-03
5.969353e-03
4.016670e-03
9.541132e-04
-2.446834e-03
-7.578825e-03
-9.636994e-03
-1.060364e-02
-1.109118e-02
-1.004728e-02
-6.966632e-03
-3.616070e-03
-7.553530e-04
4.203345e-03
5.586038e-03
6.796621e-03
6.687174e-03
6.339541e-03
6.418051e-03
7.154763e-03
8.860513e-03
9.780113e-03
1.102383e-02
1.120828e-02
1.015028e-02
7.695374e-03
3.300381e-03
-4.514893e-03
-1.113503e-02
-1.612956e-02
-1.864288e-02
-1.968715e-02
-1.967578e-02
-1.930992e-02
-1.917021e-02
-1.957612e-02
-2.006141e-02
-1.994373e-02
-1.963547e-02
-1.848719e-02
-1.751727e-02
-1.583805e-02
-1.491775e-02
-1.440387e-02
-1.466376e-02
-1.545367e-02
-1.620803e-02
-1.686431e-02
-1.762899e-02
-1.792311e-02
-1.735146e-02
-1.703090e-02
-1.658128e-02
-1.613646e-02
-1.612976e-02
-1.568298e-02
-1.537555e-02
-1.402384e-02
-1.339254e-02
-1.308570e-02
-1.057462e-02
-1.060805e-02
-9.983763e-03
-9.356927e-03
-8.817600e-03
-9.297893e-03
-1.042341e-02
-1.229937e-02
-1.526313e-02
-1.971048e-02
-2.548126e-02
-2.902281e-02
-3.612416e-02
-4.130228e-02
-4.632393e-02
-4.810709e-02
-4.909659e-02
-4.885814e-02
-4.825146e-02
-4.777614e-02
-4.751232e-02
-4.761042e-02
-4.794414e-02
-4.787797e-02
-4.702521e-02
-4.566901e-02
-4.409191e-02
-4.256588e-02
-4.179780e-02
-4.175216e-02
-4.101054e-02
-3.923550e-02
-3.571318e-02
-3.129447e-02
-2.550631e-02
-1.931030e-02
-1.406188e-02
-1.003563e-02
-8.019051e-03
-7.099517e-03
-7.485579e-03
-8.396809e-03
-1.036873e-02
-1.212240e-02
-1.253845e-02
-1.342500e-02
-1.362980e-02
-1.402973e-02
-1.390689e-02
-1.383113e-02
-1.312765e-02
-1.194720e-02
-1.118554e-02
-1.061336e-02
-1.159908e-02
-1.303624e-02
-1.510956e-02
-1.613188e-02
-1.624258e-02
-1.581982e-02
-1.335616e-02
-1.243750e-02
-1.085632e-02
-8.776877e-03
-7.725806e-03
-7.913956e-03
-9.556540e-03
-1.295586e-02
-1.745682e-02
-2.203051e-02
-2.671704e-02
-3.026586e-02
-3.191006e-02
-3.338585e-02
-3.378030e-02
-3.382008e-02
-3.323551e-02
-3.226397e-02
-3.080453e-02
-2.917103e-02
-2.785708e-02
-2.703039e-02
-2.667106e-02
-2.658951e-02
-2.677388e-02
-2.693269e-02
-2.786287e-02
-2.906628e-02
-3.108712e-02
-3.264077e-02
-3.425085e-02
-3.529621e-02
-3.553392e-02
-3.477750e-02
-3.305646e-02
-3.124400e-02
-2.891477e-02
-2.719214e-02
-2.746409e-02
-2.867332e-02
-3.064282e-02
-3.355819e-02
-3.521194e-02
-3.633042e-02
-3.563549e-02
-3.357657e-02
-3.116896e-02
-2.750181e-02
-2.254296e-02
-1.984871e-02
-1.336631e-02
-1.178900e-02
-1.230783e-02
-1.410078e-02
-1.701927e-02
-1.986444e-02
-2.273675e-02
-2.466128e-02
-2.607185e-02
-2.667329e-02
-2.742311e-02
-2.810400e-02
-2.942400e-02
-3.086443e-02
-3.204877e-02
-3.286981e-02
-3.329877e-02
-3.366866e-02
-3.438262e-02
-3.466805e-02
-3.419383e-02
-3.311666e-02
-3.055937e-02
-2.794687e-02
-2.583593e-02
-2.070857e-02
-1.945019e-02
-1.760934e-02
-1.720425e-02
-1.740053e-02
-1.737965e-02
-1.716673e-02
-1.627776e-02
-1.593757e-02
-1.557603e-02
-1.578105e-02
-1.742352e-02
-2.068056e-02
-2.462804e-02
-3.003599e-02
-3.561656e-02
-4.187165e-02
-4.434672e-02
-4.652666e-02
-4.878809e-02
-5.297423e-02
-5.656549e-02
-5.878637e-02
-6.227985e-02
-6.529502e-02
-6.732571e-02
-7.078484e-02
-7.118350e-02
-7.121858e-02
-7.040670e-02
-6.813449e-02
-6.551193e-02
-5.874947e-02
-5.552170e-02
-5.197405e-02
-4.788249e-02
-4.341446e-02
-4.139782e-02
-4.006997e-02
-3.939833e-02
-3.906803e-02
-3.820375e-02
-3.672897e-02
-3.449347e-02
-3.222232e-02
-3.045486e-02
-2.910802e-02
-2.824753e-02
-2.863809e-02
-2.919210e-02
-3.101979e-02
-3.352328e-02
-3.510265e-02
-3.757059e-02
-3.664213e-02
-3.467591e-02
-3.295126e-02
-2.955284e-02
-2.838913e-02
-2.756664e-02
-2.617551e-02
-2.621580e-02
-2.660124e-02
-2.747449e-02
-2.927278e-02
-2.921456e-02
-2.941619e-02
-3.012905e-02
-3.107127e-02
-3.216313e-02
-3.339600e-02
-3.241468e-02
-3.138391e-02
-2.952979e-02
-2.749231e-02
-2.436932e-02
-2.027196e-02
-1.491011e-02
-1.065345e-02
-5.924597e-03
-1.411972e-03
-1.783631e-03
-2.886902e-03
-4.499454e-03
-6.478175e-03
-7.852775e-03
-7.842930e-03
-6.445622e-03
-3.573193e-03
3.378105e-04
4.477256e-03
1.415463e-02
1.615664e-02
1.625619e-02
1.474402e-02
1.198959e-02
8.220230e-03
4.997955e-04
-4.525498e-03
-1.258160e-02
-1.812770e-02
-1.851373e-02
-1.855257e-02
-1.666635e-02
-1.605927e-02
-1.707881e-02
-1.754336e-02
-1.725080e-02
-1.763204e-02
-1.802812e-02
-1.847623e-02
-1.827018e-02
-1.848020e-02
-2.008704e-02
-2.140447e-02
-2.332188e-02
-2.713217e-02
-3.032957e-02
-3.513174e-02
-3.918275e-02
-4.598312e-02
-4.960935e-02
-5.393189e-02
-5.948274e-02
-6.427357e-02
-6.868295e-02
-7.303816e-02
-7.450901e-02
-7.306548e-02
-7.050041e-02
-6.733008e-02
-6.262448e-02
-5.761032e-02
-5.381901e-02
-4.979009e-02
-4.862495e-02
-4.878412e-02
-4.946257e-02
-5.014261e-02
-4.997196e-02
-5.046417e-02
-5.076539e-02
-5.087755e-02
-4.945959e-02
-4.650986e-02
-4.291786e-02
-3.998786e-02
-3.952914e-02
-4.020129e-02
-4.093517e-02
-4.105370e-02
-4.043641e-02
-3.939450e-02
-3.350431e-02
-3.273964e-02
-3.173198e-02
-3.221659e-02
-3.447206e-02
-3.643805e-02
-3.988965e-02
-4.324229e-02
-4.513894e-02
-4.823452e-02
-4.760596e-02
-4.538110e-02
-4.316245e-02
-4.011598e-02
-3.713102e-02
-3.477399e-02
-3.343879e-02
-3.311557e-02
-3.329715e-02
-3.346994e-02
-3.328707e-02
-3.280219e-02
-3.187464e-02
-3.131691e-02
-3.024961e-02
-3.067904e-02
-2.974310e-02
-2.953188e-02
-2.900263e-02
-2.820634e-02
-2.746735e-02
-2.679748e-02
-2.685515e-02
-2.731272e-02
-2.873822e-02
-3.196923e-02
-3.704706e-02
-4.320155e-02
-4.698173e-02
-5.146763e-02
-5.718104e-02
-5.828217e-02
-5.819286e-02
-5.630903e-02
-5.296576e-02
-4.950652e-02
-4.607710e-02
-4.329273e-02
-4.263057e-02
-4.176591e-02
-4.021811e-02
-3.975162e-02
-4.038597e-02
-4.182148e-02
-4.637780e-02
-5.034547e-02
-5.297646e-02
-5.446490e-02
-5.400517e-02
-5.117797e-02
-4.501541e-02
-3.708882e-02
-2.911134e-02
-2.273057e-02
-1.481041e-02
-5.927294e-03
-4.005012e-03
-3.735012e-03
-5.267033e-03
-6.072196e-03
-7.708585e-03
-8.710088e-03
-1.006444e-02
-1.081704e-02
-1.028622e-02
-1.042413e-02
-8.334922e-03
-8.176973e-03
-7.885121e-03
-6.922524e-03
-6.691266e-03
-7.444923e-03
-8.822086e-03
-1.112824e-02
-1.353580e-02
-1.552522e-02
-1.759963e-02
-1.933957e-02
-2.043173e-02
-2.106108e-02
-2.041891e-02
-1.930758e-02
-1.665490e-02
-1.519663e-02
-1.337284e-02
-1.260162e-02
-1.312603e-02
-1.393132e-02
-1.721691e-02
-1.736047e-02
-1.760149e-02
-1.814650e-02
-1.957825e-02
-2.043816e-02
-2.272081e-02
-2.843894e-02
-2.903635e-02
-3.159945e-02
-3.109340e-02
-2.891122e-02
-2.597974e-02
-1.706558e-02
-1.310675e-02
-9.346238e-03
-5.316747e-03
-2.219682e-03
-9.600705e-05
2.317723e-03
4.930769e-03
6.553290e-03
7.832522e-03
7.943485e-03
7.127234e-03
5.894753e-03
4.446202e-03
2.652412e-03
6.002699e-04
-1.881126e-03
-5.241884e-03
-1.027707e-02
-1.295257e-02
-1.639550e-02
-1.866731e-02
-2.025799e-02
-2.169038e-02
-2.296751e-02
-2.387130e-02
-2.375940e-02
-2.376082e-02
-2.367219e-02
-2.399300e-02
-2.352009e-02
-2.266820e-02
-2.201660e-02
-2.137681e-02
-2.079437e-02
-2.059123e-02
-1.983862e-02
-1.827715e-02
-1.698119e-02
-1.349307e-02
-7.961571e-03
-6.000935e-03
-1.580573e-03
2.360533e-03
5.390921e-03
7.636565e-03
9.208203e-03
9.250561e-03
9.212832e-03
9.320337e-03
9.894724e-03
1.005027e-02
1.079792e-02
1.201955e-02
1.312279e-02
1.394287e-02
1.684134e-02
1.740515e-02
1.904930e-02
2.090483e-02
2.101156e-02
2.091201e-02
1.853754e-02
1.469130e-02
9.752057e-03
3.340569e-03
-2.645489e-03
-6.326194e-03
-1.489755e-02
-1.781973e-02
-1.809390e-02
-1.667655e-02
-1.425046e-02
-9.941931e-03
-7.358964e-03
-2.389254e-03
-1.350155e-04
-7.376249e-04
-3.159710e-03
-7.672878e-03
-1.510860e-02
-1.939417e-02
-2.356788e-02
-2.923777e-02
-3.070150e-02
-2.931353e-02
-2.695911e-02
-2.548880e-02
-2.444130e-02
-2.378367e-02
-2.333158e-02
-2.365219e-02
-2.360341e-02
-2.417526e-02
-2.604813e-02
-2.983352e-02
-3.311378e-02
-3.702512e-02
-4.047152e-02
-4.139064e-02
-4.142265e-02
-4.178382e-02
-4.218244e-02
-4.315347e-02
-4.484331e-02
-4.734472e-02
-4.932600e-02
-5.195050e-02
-5.406159e-02
-5.652025e-02
-5.827047e-02
-5.965181e-02
-6.141743e-02
-6.334553e-02
-6.498566e-02
-6.473533e-02
-6.204685e-02
-5.833808e-02
-5.158657e-02
-4.591182e-02
-4.007470e-02
-3.484903e-02
-2.596214e-02
-2.201958e-02
-1.687698e-02
-1.319346e-02
-8.413278e-03
-3.686941e-03
1.109773e-03
8.993417e-03
1.332857e-02
1.477200e-02
1.488614e-02
1.469250e-02
1.381662e-02
1.254530e-02
1.126424e-02
1.009509e-02
9.373074e-03
9.248227e-03
9.859212e-03
9.679978e-03
9.499528e-03
8.571490e-03
6.860419e-03
4.566013e-03
1.180325e-03
-1.564368e-03
-4.174301e-03
-7.223485e-03
-1.140395e-02
-1.611366e-02
-2.172314e-02
-2.680347e-02
-3.334565e-02
-3.551825e-02
-3.802011e-02
-3.986884e-02
-4.065820e-02
-4.020991e-02
-3.866160e-02
-3.695719e-02
-3.505824e-02
-3.367200e-02
-3.276073e-02
-3.251525e-02
-3.188136e-02
-3.073094e-02
-2.918241e-02
-2.739957e-02
-2.531167e-02
-2.341290e-02
-2.212986e-02
-2.199542e-02
-2.265467e-02
-2.303106e-02
-2.356344e-02
-2.343529e-02
-2.172347e-02
-1.827952e-02
-1.518572e-02
-1.236248e-02
-8.159387e-03
-5.742165e-03
-5.266377e-03
-5.475947e-03
-6.298818e-03
-7.137410e-03
-7.941956e-03
-8.584390e-03
-8.994591e-03
-8.850832e-03
-7.365867e-03
-4.598229e-03
-1.916230e-03
7.171937e-03
1.218297e-02
1.696665e-02
2.576826e-02
2.860017e-02
3.226760e-02
3.222270e-02
3.112027e-02
2.869979e-02
2.480440e-02
2.053529e-02
1.549457e-02
1.113277e-02
4.926168e-03
1.004898e-03
-3.356748e-03
-6.739379e-03
-1.095582e-02
-1.508935e-02
-1.767726e-02
-2.092720e-02
-2.194806e-02
-2.148967e-02
-2.096264e-02
-1.887799e-02
-1.844278e-02
-1.650638e-02
-1.359992e-02
-7.135942e-03
-1.016522e-03
3.531172e-03
8.143958e-03
1.105668e-02
1.256969e-02
1.501791e-02
1.713287e-02
1.745458e-02
1.672004e-02
1.588850e-02
1.417624e-02
1.232342e-02
9.086520e-03
6.617954e-03
3.093936e-03
2.173494e-04
-2.071169e-03
-4.288679e-03
-8.598600e-03
-8.724454e-03
-8.325107e-03
-6.760939e-03
-4.878001e-03
-2.629330e-03
-8.288554e-04
9.988118e-04
1.337042e-03
1.076136e-03
3.305228e-04
-1.403327e-04
-5.422742e-05
8.151547e-04
2.369342e-03
4.173970e-03
6.336202e-03
6.521504e-03
6.894554e-03
6.568912e-03
5.876346e-03
4.744595e-03
3.420689e-03
2.618373e-03
1.300607e-03
-7.006618e-04
-3.236147e-03
-8.590021e-03
-1.058133e-02
-1.362002e-02
-1.587050e-02
-1.612878e-02
-1.642872e-02
-1.664363e-02
-1.727144e-02
-1.863465e-02
-2.064291e-02
-2.393353e-02
-2.666936e-02
-2.843911e-02
-3.185379e-02
-3.301219e-02
-3.307865e-02
-3.239539e-02
-2.826065e-02
-2.529677e-02
-1.821745e-02
-1.005665e-02
-3.511605e-03
4.992510e-03
1.108710e-02
1.149357e-02
9.312937e-03
4.419497e-03
-1.350500e-03
-5.936499e-03
-1.426930e-02
-1.950334e-02
-2.400022e-02
-2.820207e-02
-3.082238e-02
-3.351324e-02
-3.624405e-02
-4.021353e-02
-4.524469e-02
-4.905362e-02
-5.020442e-02
-5.115202e-02
-4.960395e-02
-4.729002e-02
-4.435292e-02
-4.214946e-02
-4.165163e-02
-4.322062e-02
-4.567799e-02
-5.113917e-02
-5.357925e-02
-5.450656e-02
-5.355546e-02
-5.208141e-02
-4.998360e-02
-4.759628e-02
-4.501256e-02
-3.999259e-02
-3.614986e-02
-3.082075e-02
-2.234159e-02
-1.786804e-02
-1.546370e-02
-1.258127e-02
-1.226565e-02
-1.361185e-02
-1.673464e-02
-2.041140e-02
-2.589994e-02
-2.628483e-02
-2.513025e-02
-2.094368e-02
-1.625676e-02
-1.122655e-02
-5.838046e-03
-1.562135e-03
3.251709e-03
8.266894e-03
1.132992e-02
1.357623e-02
1.528421e-02
1.632741e-02
1.737634e-02
1.860650e-02
1.825334e-02
1.760447e-02
1.769358e-02
1.732214e-02
1.449911e-02
1.172450e-02
8.461556e-03
5.798624e-03
1.115565e-03
-8.647834e-04
-2.059105e-03
-2.724819e-03
-2.548694e-03
-2.972212e-03
-2.948347e-03
-2.414926e-03
-6.633727e-04
1.988672e-03
7.126759e-03
9.869981e-03
1.371468e-02
1.751516e-02
1.582633e-02
1.169443e-02
7.610230e-03
2.037125e-03
-8.722367e-04
-4.411784e-03
-6.119524e-03
-7.532352e-03
-9.513710e-03
-1.236252e-02
-1.504328e-02
-1.674855e-02
-1.914636e-02
-2.031043e-02
-2.060169e-02
-2.060743e-02
-2.008336e-02
-1.799834e-02
-1.559940e-02
-1.214826e-02
-9.985870e-03
-7.608164e-03
-8.145309e-03
-1.097094e-02
-1.580140e-02
-1.949704e-02
-2.332481e-02
-2.929355e-02
-3.201714e-02
-3.205963e-02
-3.221676e-02
-3.158551e-02
-3.147132e-02
-3.233041e-02
-3.279395e-02
-3.363900e-02
-3.308879e-02
-3.172509e-02
-2.950227e-02
-2.512982e-02
-2.271773e-02
-1.904639e-02
-1.758758e-02
-1.654725e-02
-1.717303e-02
-1.935451e-02
-2.135920e-02
-2.277985e-02
-2.318343e-02
-2.355872e-02
-2.364711e-02
-2.367171e-02
-2.444742e-02
-2.605856e-02
-2.845758e-02
-3.067314e-02
-3.318888e-02
-3.589712e-02
-3.880067e-02
-4.111001e-02
-4.509066e-02
-4.918742e-02
-5.443608e-02
-6.019444e-02
-6.545508e-02
-6.844195e-02
-6.936041e-02
-6.881012e-02
-6.873349e-02
-6.491997e-02
-5.890489e-02
-5.342755e-02
-4.539839e-02
-4.103744e-02
-3.479588e-02
-3.189576e-02
-2.998220e-02
-2.890910e-02
-2.819019e-02
-2.739726e-02
-2.657525e-02
-2.545495e-02
-2.443529e-02
-2.395711e-02
-2.407169e-02
-2.411629e-02
-2.549907e-02
-2.639704e-02
-2.749916e-02
-2.865626e-02
-2.955595e-02
-3.009560e-02
-3.000060e-02
-2.929557e-02
-2.796399e-02
-2.673548e-02
-2.487691e-02
-2.351770e-02
-2.080200e-02
-2.021332e-02
-1.969560e-02
-2.042158e-02
-2.086711e-02
-2.124363e-02
-2.061805e-02
-1.992049e-02
-1.953408e-02
-1.893243e-02
-1.929030e-02
-2.012996e-02
-2.077820e-02
-2.295221e-02
-2.420274e-02
-2.359471e-02
-2.314685e-02
-2.269188e-02
-2.197337e-02
-2.079373e-02
-1.869754e-02
-1.544132e-02
-1.190489e-02
-7.999489e-03
-1.398536e-03
-5.984347e-04
3.020378e-04
1.494545e-03
1.294267e-03
1.922173e-04
-1.603937e-03
-4.607054e-03
-6.609529e-03
-8.716978e-03
-1.000199e-02
-9.728235e-03
-7.996595e-03
-6.680594e-03
-4.708228e-03
