0.057636
0.057647
0.057658
0.057669
0.05768
0.057691
0.057702
0.057713
0.057724
0.057735
0.057746
0.057757
0.057768
0.057779
0.05779
0.057801
0.057812
0.057823
0.057834
0.057845
0.057856
0.057867
0.057878
0.057889
0.0579
0.057911
0.057922
0.057933
0.057944
0.057955
0.057966
0.057977
0.057988
0.057999
0.05801
0.058021
0.058032
0.058043
0.058054
0.058065
0.058076
0.058087
0.058098
0.058109
0.05812
0.058131
0.058142
0.058153
0.058164
0.058175
0.058186
0.058197
0.058208
0.058219
0.05823
0.058241
0.058252
0.058263
0.058274
0.058285
0.058296
0.058307
0.058318
0.058329
0.05834
0.058351
0.058362
0.058373
0.058384
0.058395
0.058406
0.058417
0.058428
0.058439
0.05845
0.058461
0.058472
0.058483
0.058494
0.058505
0.058516
0.058527
0.058538
0.058549
0.05856
0.058571
0.058582
0.058593
0.058604
0.058615
0.058626
0.058637
0.058648
0.058659
0.05867
0.058681
0.058692
0.058703
0.058714
0.058725
0.058736
0.058747
0.058758
0.058769
0.05878
0.058791
0.058802
0.058813
0.058824
0.058835
0.058846
0.058857
0.058868
0.058879
0.05889
0.058901
0.058912
0.058923
0.058934
0.058945
0.058956
0.058967
0.058978
0.058989
0.059
0.059011
0.059022
0.059033
0.059044
0.059055
0.059066
0.059077
0.059088
0.059099
0.05911
0.059121
0.059132
0.059143
0.059154
0.059165
0.059176
0.059187
0.059198
0.059209
0.05922
0.059231
0.059242
0.059253
0.059264
0.059275
0.059286
0.059297
0.059308
0.059319
0.05933
0.059341
0.059352
0.059363
0.059374
0.059385
0.059396
0.059407
0.059418
0.059429
0.05944
0.059451
0.059462
0.059473
0.059484
0.059495
0.059506
0.059517
0.059528
0.059539
0.05955
0.059561
0.059572
0.059583
0.059594
0.059605
0.059616
0.059627
0.059638
0.059649
0.05966
0.059671
0.059682
0.059693
0.059704
0.059715
0.059726
0.059737
0.059748
0.059759
0.05977
0.059781
0.059792
0.059803
0.059814
0.059825
0.059836
0.059847
0.059858
0.059869
0.05988
0.059891
0.059902
0.059913
0.059924
0.059935
0.059946
0.059957
0.059968
0.059979
0.05999
0.060001
0.060012
0.060023
0.060034
0.060045
0.060056
0.060067
0.060078
0.060089
0.0601
0.060111
0.060122
0.060133
0.060144
0.060155
0.060166
0.060177
0.060188
0.060199
0.06021
0.060221
0.060232
0.060243
0.060254
0.060265
0.060276
0.060287
0.060298
0.060309
0.06032
0.060331
0.060342
0.060353
0.060364
0.060375
0.060386
0.060397
0.060408
0.060419
0.06043
0.060441
0.060452
0.060463
0.060474
0.060485
0.060496
0.060507
0.060518
0.060529
0.06054
0.060551
0.060562
0.060573
0.060584
0.060595
0.060606
0.060617
0.060628
0.060639
0.06065
0.060661
0.060672
0.060683
0.060694
0.060705
0.060716
0.060727
0.060738
0.060749
0.06076
0.060771
0.060782
0.060793
0.060804
0.060815
0.060826
0.060837
0.060848
0.060859
0.06087
0.060881
0.060892
0.060903
0.060914
0.060925
0.060936
0.060947
0.060958
0.060969
0.06098
0.060991
0.061002
0.061013
0.061024
0.061035
0.061046
0.061057
0.061068
0.061079
0.06109
0.061101
0.061112
0.061123
0.061134
0.061145
0.061156
0.061167
0.061178
0.061189
0.0612
0.061211
0.061222
0.061233
0.061244
0.061255
0.061266
0.061277
0.061288
0.061299
0.06131
0.061321
0.061332
0.061343
0.061354
0.061365
0.061376
0.061387
0.061398
0.061409
0.06142
0.061431
0.061442
0.061453
0.061464
0.061475
0.061486
0.061497
0.061508
0.061519
0.06153
0.061541
0.061552
0.061563
0.061574
0.061585
0.061596
0.061607
0.061618
0.061629
0.06164
0.061651
0.061662
0.061673
0.061684
0.061695
0.061706
0.061717
0.061728
0.061739
0.06175
0.061761
0.061772
0.061783
0.061794
0.061805
0.061816
0.061827
0.061838
0.061849
0.06186
0.061871
0.061882
0.061893
0.061904
0.061915
0.061926
0.061937
0.061948
0.061959
0.06197
0.061981
0.061992
0.062003
0.062014
0.062025
0.062036
0.062047
0.062058
0.062069
0.06208
0.062091
0.062102
0.062113
0.062124
0.062135
0.062146
0.062157
0.062168
0.062179
0.06219
0.062201
0.062212
0.062223
0.062234
0.062245
0.062256
0.062267
0.062278
0.062289
0.0623
0.062311
0.062322
0.062333
0.062344
0.062355
0.062366
0.062377
0.062388
0.062399
0.06241
0.062421
0.062432
0.062443
0.062454
0.062465
0.062476
0.062487
0.062498
0.062509
0.06252
0.062531
0.062542
0.062553
0.062564
0.062575
0.062586
0.062597
0.062608
0.062619
0.06263
0.062641
0.062652
0.062663
0.062674
0.062685
0.062696
0.062707
0.062718
0.062729
0.06274
0.062751
0.062762
0.062773
0.062784
0.062795
0.062806
0.062817
0.062828
0.062839
0.06285
0.062861
0.062872
0.062883
0.062894
0.062905
0.062916
0.062927
0.062938
0.062949
0.06296
0.062971
0.062982
0.062993
0.063004
0.063015
0.063026
0.063037
0.063048
0.063059
0.06307
0.063081
0.063092
0.063103
0.063114
0.063125
0.063136
0.063147
0.063158
0.063169
0.06318
0.063191
0.063202
0.063213
0.063224
0.063235
0.063246
0.063257
0.063268
0.063279
0.06329
0.063301
0.063312
0.063323
0.063334
0.063345
0.063356
0.063367
0.063378
0.063389
0.0634
0.063411
0.063422
0.063433
0.063444
0.063455
0.063466
0.063477
0.063488
0.063499
0.06351
0.063521
0.063532
0.063543
0.063554
0.063565
0.063576
0.063587
0.063598
0.063609
0.06362
0.063631
0.063642
0.063653
0.063664
0.063675
0.063686
0.063697
0.063708
0.063719
0.06373
0.063741
0.063752
0.063763
0.063774
0.063785
0.063796
0.063807
0.063818
0.063829
0.06384
0.063851
0.063862
0.063873
0.063884
0.063895
0.063906
0.063917
0.063928
0.063939
0.06395
0.063961
0.063972
0.063983
0.063994
0.064005
0.064016
0.064027
0.064038
0.064049
0.06406
0.064071
0.064082
0.064093
0.064104
0.064115
0.064126
0.064137
0.064148
0.064159
0.06417
0.064181
0.064192
0.064203
0.064214
0.064225
0.064236
0.064247
0.064258
0.064269
0.06428
0.064291
0.064302
0.064313
0.064324
0.064335
0.064346
0.064357
0.064368
0.064379
0.06439
0.064401
0.064412
0.064423
0.064434
0.064445
0.064456
0.064467
0.064478
0.064489
0.0645
0.064511
0.064522
0.064533
0.064544
0.064555
0.064566
0.064577
0.064588
0.064599
0.06461
0.064621
0.064632
0.064643
0.064654
0.064665
0.064676
0.064687
0.064698
0.064709
0.06472
0.064731
0.064742
0.064753
0.064764
0.064775
0.064786
0.064797
0.064808
0.064819
0.06483
0.064841
0.064852
0.064863
0.064874
0.064885
0.064896
0.064907
0.064918
0.064929
0.06494
0.064951
0.064962
0.064973
0.064984
0.064995
0.065006
0.065017
0.065028
0.065039
0.06505
0.065061
0.065072
0.065083
0.065094
0.065105
0.065116
0.065127
0.065138
0.065149
0.06516
0.065171
0.065182
0.065193
0.065204
0.065215
0.065226
0.065237
0.065248
0.065259
0.06527
0.065281
0.065292
0.065303
0.065314
0.065325
0.065336
0.065347
0.065358
0.065369
0.06538
0.065391
0.065402
0.065413
0.065424
0.065435
0.065446
0.065457
0.065468
0.065479
0.06549
0.065501
0.065512
0.065523
0.065534
0.065545
0.065556
0.065567
0.065578
0.065589
0.0656
0.065611
0.065622
0.065633
0.065644
0.065655
0.065666
0.065677
0.065688
0.065699
0.06571
0.065721
0.065732
0.065743
0.065754
0.065765
0.065776
0.065787
0.065798
0.065809
0.06582
0.065831
0.065842
0.065853
0.065864
0.065875
0.065886
0.065897
0.065908
0.065919
0.06593
0.065941
0.065952
0.065963
0.065974
0.065985
0.065996
0.066007
0.066018
0.066029
0.06604
0.066051
0.066062
0.066073
0.066084
0.066095
0.066106
0.066117
0.066128
0.066139
0.06615
0.066161
0.066172
0.066183
0.066194
0.066205
0.066216
0.066227
0.066238
0.066249
0.06626
0.066271
0.066282
0.066293
0.066304
0.066315
0.066326
0.066337
0.066348
0.066359
0.06637
0.066381
0.066392
0.066403
0.066414
0.066425
0.066436
0.066447
0.066458
0.066469
0.06648
0.066491
0.066502
0.066513
0.066524
0.066535
0.066546
0.066557
0.066568
0.066579
0.06659
0.066601
0.066612
0.066623
0.066634
0.066645
0.066656
0.066667
0.066678
0.066689
0.0667
0.066711
0.066722
0.066733
0.066744
0.066755
0.066766
0.066777
0.066788
0.066799
0.06681
0.066821
0.066832
0.066843
0.066854
0.066865
0.066876
0.066887
0.066898
0.066909
0.06692
0.066931
0.066942
0.066953
0.066964
0.066975
0.066986
0.066997
0.067008
0.067019
0.06703
0.067041
0.067052
0.067063
0.067074
0.067085
0.067096
0.067107
0.067118
0.067129
0.06714
0.067151
0.067162
0.067173
0.067184
0.067195
0.067206
0.067217
0.067228
0.067239
0.06725
0.067261
0.067272
0.067283
0.067294
0.067305
0.067316
0.067327
0.067338
0.067349
0.06736
0.067371
0.067382
0.067393
0.067404
0.067415
0.067426
0.067437
0.067448
0.067459
0.06747
0.067481
0.067492
0.067503
0.067514
0.067525
0.067536
0.067547
0.067558
0.067569
0.06758
0.067591
0.067602
0.067613
0.067624
0.067635
0.067646
0.067657
0.067668
0.067679
0.06769
0.067701
0.067712
0.067723
0.067734
0.067745
0.067756
0.067767
0.067778
0.067789
0.0678
0.067811
0.067822
0.067833
0.067844
0.067855
0.067866
0.067877
0.067888
0.067899
0.06791
0.067921
0.067932
0.067943
0.067954
0.067965
0.067976
0.067987
0.067998
0.068009
0.06802
0.068031
0.068042
0.068053
0.068064
0.068075
0.068086
0.068097
0.068108
0.068119
0.06813
0.068141
0.068152
0.068163
0.068174
0.068185
0.068196
0.068207
0.068218
0.068229
0.06824
0.068251
0.068262
0.068273
0.068284
0.068295
0.068306
0.068317
0.068328
0.068339
0.06835
0.068361
0.068372
0.068383
0.068394
0.068405
0.068416
0.068427
0.068438
0.068449
0.06846
0.068471
0.068482
0.068493
0.068504
0.068515
0.068526
0.068537
0.068548
0.068559
0.06857
0.068581
0.068592
0.068603
0.068614
0.068625
0.068636
0.068647
0.068658
0.068669
0.06868
0.068691
0.068702
0.068713
0.068724
0.068735
0.068746
0.068757
0.068768
0.068779
0.06879
0.068801
0.068812
0.068823
0.068834
0.068845
0.068856
0.068867
0.068878
0.068889
0.0689
0.068911
0.068922
0.068933
0.068944
0.068955
0.068966
0.068977
0.068988
0.068999
0.06901
0.069021
0.069032
0.069043
0.069054
0.069065
0.069076
0.069087
0.069098
0.069109
0.06912
0.069131
0.069142
0.069153
0.069164
0.069175
0.069186
0.069197
0.069208
0.069219
0.06923
0.069241
0.069252
0.069263
0.069274
0.069285
0.069296
0.069307
0.069318
0.069329
0.06934
0.069351
0.069362
0.069373
0.069384
0.069395
0.069406
0.069417
0.069428
0.069439
0.06945
0.069461
0.069472
0.069483
0.069494
0.069505
0.069516
0.069527
0.069538
0.069549
0.06956
0.069571
0.069582
0.069593
0.069604
0.069615
0.069626
0.069637
0.069648
0.069659
0.06967
0.069681
0.069692
0.069703
0.069714
0.069725
0.069736
0.069747
0.069758
0.069769
0.06978
0.069791
0.069802
0.069813
0.069824
0.069835
0.069846
0.069857
0.069868
0.069879
0.06989
0.069901
0.069912
0.069923
0.069934
0.069945
0.069956
0.069967
0.069978
0.069989
0.07
0.070011
0.070022
0.070033
0.070044
0.070055
0.070066
0.070077
0.070088
0.070099
0.07011
0.070121
0.070132
0.070143
0.070154
0.070165
0.070176
0.070187
0.070198
0.070209
0.07022
0.070231
0.070242
0.070253
0.070264
0.070275
0.070286
0.070297
0.070308
0.070319
0.07033
0.070341
0.070352
0.070363
0.070374
0.070385
0.070396
0.070407
0.070418
0.070429
0.07044
0.070451
0.070462
0.070473
0.070484
0.070495
0.070506
0.070517
0.070528
0.070539
0.07055
0.070561
0.070572
0.070583
0.070594
0.070605
0.070616
0.070627
0.070638
0.070649
0.07066
0.070671
0.070682
0.070693
0.070704
0.070715
0.070726
0.070737
0.070748
0.070759
0.07077
0.070781
0.070792
0.070803
0.070814
0.070825
0.070836
0.070847
0.070858
0.070869
0.07088
0.070891
0.070902
0.070913
0.070924
0.070935
0.070946
0.070957
0.070968
0.070979
0.07099
0.071001
0.071012
0.071023
0.071034
0.071045
0.071056
0.071067
0.071078
0.071089
0.0711
0.071111
0.071122
0.071133
0.071144
0.071155
0.071166
0.071177
0.071188
0.071199
0.07121
0.071221
0.071232
0.071243
0.071254
0.071265
0.071276
0.071287
0.071298
0.071309
0.07132
0.071331
0.071342
0.071353
0.071364
0.071375
0.071386
0.071397
0.071408
0.071419
0.07143
0.071441
0.071452
0.071463
0.071474
0.071485
0.071496
0.071507
0.071518
0.071529
0.07154
0.071551
0.071562
0.071573
0.071584
0.071595
0.071606
0.071617
0.071628
0.071639
0.07165
0.071661
0.071672
0.071683
0.071694
0.071705
0.071716
0.071727
0.071738
0.071749
0.07176
0.071771
0.071782
0.071793
0.071804
0.071815
0.071826
0.071837
0.071848
0.071859
0.07187
0.071881
0.071892
0.071903
0.071914
0.071925
0.071936
0.071947
0.071958
0.071969
0.07198
0.071991
0.072002
0.072013
0.072024
0.072035
0.072046
0.072057
0.072068
0.072079
0.07209
0.072101
0.072112
0.072123
0.072134
0.072145
0.072156
0.072167
0.072178
0.072189
0.0722
0.072211
0.072222
0.072233
0.072244
0.072255
0.072266
0.072277
0.072288
0.072299
0.07231
0.072321
0.072332
0.072343
0.072354
0.072365
0.072376
0.072387
0.072398
0.072409
0.07242
0.072431
0.072442
0.072453
0.072464
0.072475
0.072486
0.072497
0.072508
0.072519
0.07253
0.072541
0.072552
0.072563
0.072574
0.072585
0.072596
0.072607
0.072618
0.072629
0.07264
0.072651
0.072662
0.072673
0.072684
0.072695
0.072706
0.072717
0.072728
0.072739
0.07275
0.072761
0.072772
0.072783
0.072794
0.072805
0.072816
0.072827
0.072838
0.072849
0.07286
0.072871
0.072882
0.072893
0.072904
0.072915
0.072926
0.072937
0.072948
0.072959
0.07297
0.072981
0.072992
0.073003
0.073014
0.073025
0.073036
0.073047
0.073058
0.073069
0.07308
0.073091
0.073102
0.073113
0.073124
0.073135
0.073146
0.073157
0.073168
0.073179
0.07319
0.073201
0.073212
0.073223
0.073234
0.073245
0.073256
0.073267
0.073278
0.073289
0.0733
0.073311
0.073322
0.073333
0.073344
0.073355
0.073366
0.073377
0.073388
0.073399
0.07341
0.073421
0.073432
0.073443
0.073454
0.073465
0.073476
0.073487
0.073498
0.073509
0.07352
0.073531
0.073542
0.073553
0.073564
0.073575
0.073586
0.073597
0.073608
0.073619
0.07363
0.073641
0.073652
0.073663
0.073674
0.073685
0.073696
0.073707
0.073718
0.073729
0.07374
0.073751
0.073762
0.073773
0.073784
0.073795
0.073806
0.073817
0.073828
0.073839
0.07385
0.073861
0.073872
0.073883
0.073894
0.073905
0.073916
0.073927
0.073938
0.073949
0.07396
0.073971
0.073982
0.073993
0.074004
0.074015
0.074026
0.074037
0.074048
0.074059
0.07407
0.074081
0.074092
0.074103
0.074114
0.074125
0.074136
0.074147
0.074158
0.074169
0.07418
0.074191
0.074202
0.074213
0.074224
0.074235
0.074246
0.074257
0.074268
0.074279
0.07429
0.074301
0.074312
0.074323
0.074334
0.074345
0.074356
0.074367
0.074378
0.074389
0.0744
0.074411
0.074422
0.074433
0.074444
0.074455
0.074466
0.074477
0.074488
0.074499
0.07451
0.074521
0.074532
0.074543
0.074554
0.074565
0.074576
0.074587
0.074598
0.074609
0.07462
0.074631
0.074642
0.074653
0.074664
0.074675
0.074686
0.074697
0.074708
0.074719
0.07473
0.074741
0.074752
0.074763
0.074774
0.074785
0.074796
0.074807
0.074818
0.074829
0.07484
0.074851
0.074862
0.074873
0.074884
0.074895
0.074906
0.074917
0.074928
0.074939
0.07495
0.074961
0.074972
0.074983
0.074994
0.075005
0.075016
0.075027
0.075038
0.075049
0.07506
0.075071
0.075082
0.075093
0.075104
0.075115
0.075126
0.075137
0.075148
0.075159
0.07517
0.075181
0.075192
0.075203
0.075214
0.075225
0.075236
0.075247
0.075258
0.075269
0.07528
0.075291
0.075302
0.075313
0.075324
0.075335
0.075346
0.075357
0.075368
0.075379
0.07539
0.075401
0.075412
0.075423
0.075434
0.075445
0.075456
0.075467
0.075478
0.075489
0.0755
0.075511
0.075522
0.075533
0.075544
0.075555
0.075566
0.075577
0.075588
0.075599
0.07561
0.075621
0.075632
0.075643
0.075654
0.075665
0.075676
0.075687
0.075698
0.075709
0.07572
0.075731
0.075742
0.075753
0.075764
0.075775
0.075786
0.075797
0.075808
0.075819
0.07583
0.075841
0.075852
0.075863
0.075874
0.075885
0.075896
0.075907
0.075918
0.075929
0.07594
0.075951
0.075962
0.075973
0.075984
0.075995
0.076006
0.076017
0.076028
0.076039
0.07605
0.076061
0.076072
0.076083
0.076094
0.076105
0.076116
0.076127
0.076138
0.076149
0.07616
0.076171
0.076182
0.076193
0.076204
0.076215
0.076226
0.076237
0.076248
0.076259
0.07627
0.076281
0.076292
0.076303
0.076314
0.076325
0.076336
0.076347
0.076358
0.076369
0.07638
0.076391
0.076402
0.076413
0.076424
0.076435
0.076446
0.076457
0.076468
0.076479
0.07649
0.076501
0.076512
0.076523
0.076534
0.076545
0.076556
0.076567
0.076578
0.076589
0.0766
0.076611
0.076622
0.076633
0.076644
0.076655
0.076666
0.076677
0.076688
0.076699
0.07671
0.076721
0.076732
0.076743
0.076754
0.076765
0.076776
0.076787
0.076798
0.076809
0.07682
0.076831
0.076842
0.076853
0.076864
0.076875
0.076886
0.076897
0.076908
0.076919
0.07693
0.076941
0.076952
0.076963
0.076974
0.076985
0.076996
0.077007
0.077018
0.077029
0.07704
0.077051
0.077062
0.077073
0.077084
0.077095
0.077106
0.077117
0.077128
0.077139
0.07715
0.077161
0.077172
0.077183
0.077194
0.077205
0.077216
0.077227
0.077238
0.077249
0.07726
0.077271
0.077282
0.077293
0.077304
0.077315
0.077326
0.077337
0.077348
0.077359
0.07737
0.077381
0.077392
0.077403
0.077414
0.077425
0.077436
0.077447
0.077458
0.077469
0.07748
0.077491
0.077502
0.077513
0.077524
0.077535
0.077546
0.077557
0.077568
0.077579
0.07759
0.077601
0.077612
0.077623
0.077634
0.077645
0.077656
0.077667
0.077678
0.077689
0.0777
0.077711
0.077722
0.077733
0.077744
0.077755
0.077766
0.077777
0.077788
0.077799
0.07781
0.077821
0.077832
0.077843
0.077854
0.077865
0.077876
0.077887
0.077898
0.077909
0.07792
0.077931
0.077942
0.077953
0.077964
0.077975
0.077986
0.077997
0.078008
0.078019
0.07803
0.078041
0.078052
0.078063
0.078074
0.078085
0.078096
0.078107
0.078118
0.078129
0.07814
0.078151
0.078162
0.078173
0.078184
0.078195
0.078206
0.078217
0.078228
0.078239
0.07825
0.078261
0.078272
0.078283
0.078294
0.078305
0.078316
0.078327
0.078338
0.078349
0.07836
0.078371
0.078382
0.078393
0.078404
0.078415
0.078426
0.078437
0.078448
0.078459
0.07847
0.078481
0.078492
0.078503
0.078514
0.078525
0.078536
0.078547
0.078558
0.078569
0.07858
0.078591
0.078602
0.078613
0.078624
0.078635
0.078646
0.078657
0.078668
0.078679
0.07869
0.078701
0.078712
0.078723
0.078734
0.078745
0.078756
0.078767
0.078778
0.078789
0.0788
0.078811
0.078822
0.078833
0.078844
0.078855
0.078866
0.078877
0.078888
0.078899
0.07891
0.078921
0.078932
0.078943
0.078954
0.078965
0.078976
0.078987
0.078998
0.079009
0.07902
0.079031
0.079042
0.079053
0.079064
0.079075
0.079086
0.079097
0.079108
0.079119
0.07913
0.079141
0.079152
0.079163
0.079174
0.079185
0.079196
0.079207
0.079218
0.079229
0.07924
0.079251
0.079262
0.079273
0.079284
0.079295
0.079306
0.079317
0.079328
0.079339
0.07935
0.079361
0.079372
0.079383
0.079394
0.079405
0.079416
0.079427
0.079438
0.079449
0.07946
0.079471
0.079482
0.079493
0.079504
0.079515
0.079526
0.079537
0.079548
0.079559
0.07957
0.079581
0.079592
0.079603
0.079614
0.079625
0.079636
0.079647
0.079658
0.079669
0.07968
0.079691
0.079702
0.079713
0.079724
0.079735
0.079746
0.079757
0.079768
0.079779
0.07979
0.079801
0.079812
0.079823
0.079834
0.079845
0.079856
0.079867
0.079878
0.079889
0.0799
0.079911
0.079922
0.079933
0.079944
0.079955
0.079966
0.079977
0.079988
0.079999
0.08001
0.080021
0.080032
0.080043
0.080054
0.080065
0.080076
0.080087
0.080098
0.080109
0.08012
0.080131
0.080142
0.080153
0.080164
0.080175
0.080186
0.080197
0.080208
0.080219
0.08023
0.080241
0.080252
0.080263
0.080274
0.080285
0.080296
0.080307
0.080318
0.080329
0.08034
0.080351
0.080362
0.080373
0.080384
0.080395
0.080406
0.080417
0.080428
0.080439
0.08045
0.080461
0.080472
0.080483
0.080494
0.080505
0.080516
0.080527
0.080538
0.080549
0.08056
0.080571
0.080582
0.080593
0.080604
0.080615
0.080626
0.080637
0.080648
0.080659
0.08067
0.080681
0.080692
0.080703
0.080714
0.080725
0.080736
0.080747
0.080758
0.080769
0.08078
0.080791
0.080802
0.080813
0.080824
0.080835
0.080846
0.080857
0.080868
0.080879
0.08089
0.080901
0.080912
0.080923
0.080934
0.080945
0.080956
0.080967
0.080978
0.080989
0.081
0.081011
0.081022
0.081033
0.081044
0.081055
0.081066
0.081077
0.081088
0.081099
0.08111
0.081121
0.081132
0.081143
0.081154
0.081165
0.081176
0.081187
0.081198
0.081209
0.08122
0.081231
0.081242
0.081253
0.081264
0.081275
0.081286
0.081297
0.081308
0.081319
0.08133
0.081341
0.081352
0.081363
0.081374
0.081385
0.081396
0.081407
0.081418
0.081429
0.08144
0.081451
0.081462
0.081473
0.081484
0.081495
0.081506
0.081517
0.081528
0.081539
0.08155
0.081561
0.081572
0.081583
0.081594
0.081605
0.081616
0.081627
0.081638
0.081649
0.08166
0.081671
0.081682
0.081693
0.081704
0.081715
0.081726
0.081737
0.081748
0.081759
0.08177
0.081781
0.081792
0.081803
0.081814
0.081825
0.081836
0.081847
0.081858
0.081869
0.08188
0.081891
0.081902
0.081913
0.081924
0.081935
0.081946
0.081957
0.081968
0.081979
0.08199
0.082001
0.082012
0.082023
0.082034
0.082045
0.082056
0.082067
0.082078
0.082089
0.0821
0.082111
0.082122
0.082133
0.082144
0.082155
0.082166
0.082177
0.082188
0.082199
0.08221
0.082221
0.082232
0.082243
0.082254
0.082265
0.082276
0.082287
0.082298
0.082309
0.08232
0.082331
0.082342
0.082353
0.082364
0.082375
0.082386
0.082397
0.082408
0.082419
0.08243
0.082441
0.082452
0.082463
0.082474
0.082485
0.082496
0.082507
0.082518
0.082529
0.08254
0.082551
0.082562
0.082573
0.082584
0.082595
0.082606
0.082617
0.082628
0.082639
0.08265
0.082661
0.082672
0.082683
0.082694
0.082705
0.082716
0.082727
0.082738
0.082749
0.08276
0.082771
0.082782
0.082793
0.082804
0.082815
0.082826
0.082837
0.082848
0.082859
0.08287
0.082881
0.082892
0.082903
0.082914
0.082925
0.082936
0.082947
0.082958
0.082969
0.08298
0.082991
0.083002
0.083013
0.083024
0.083035
0.083046
0.083057
0.083068
0.083079
0.08309
0.083101
0.083112
0.083123
0.083134
0.083145
0.083156
0.083167
0.083178
0.083189
0.0832
0.083211
0.083222
0.083233
0.083244
0.083255
0.083266
0.083277
0.083288
0.083299
0.08331
0.083321
0.083332
0.083343
0.083354
0.083365
0.083376
0.083387
0.083398
0.083409
0.08342
0.083431
0.083442
0.083453
0.083464
0.083475
0.083486
0.083497
0.083508
0.083519
0.08353
0.083541
0.083552
0.083563
0.083574
0.083585
0.083596
0.083607
0.083618
0.083629
0.08364
0.083651
0.083662
0.083673
0.083684
0.083695
0.083706
0.083717
0.083728
0.083739
0.08375
0.083761
0.083772
0.083783
0.083794
0.083805
0.083816
0.083827
0.083838
0.083849
0.08386
0.083871
0.083882
0.083893
0.083904
0.083915
0.083926
0.083937
0.083948
0.083959
0.08397
0.083981
0.083992
0.084003
0.084014
0.084025
0.084036
0.084047
0.084058
0.084069
0.08408
0.084091
0.084102
0.084113
0.084124
0.084135
0.084146
0.084157
0.084168
0.084179
0.08419
0.084201
0.084212
0.084223
0.084234
0.084245
0.084256
0.084267
0.084278
0.084289
0.0843
0.084311
0.084322
0.084333
0.084344
0.084355
0.084366
0.084377
0.084388
0.084399
0.08441
0.084421
0.084432
0.084443
0.084454
0.084465
0.084476
0.084487
0.084498
0.084509
0.08452
0.084531
0.084542
0.084553
0.084564
0.084575
0.084586
0.084597
0.084608
0.084619
0.08463
0.084641
0.084652
0.084663
0.084674
0.084685
0.084696
0.084707
0.084718
0.084729
0.08474
0.084751
0.084762
0.084773
0.084784
0.084795
0.084806
0.084817
0.084828
0.084839
0.08485
0.084861
0.084872
0.084883
0.084894
0.084905
0.084916
0.084927
0.084938
0.084949
0.08496
0.084971
0.084982
0.084993
0.085004
0.085015
0.085026
0.085037
0.085048
0.085059
0.08507
0.085081
0.085092
0.085103
0.085114
0.085125
0.085136
0.085147
0.085158
0.085169
0.08518
0.085191
0.085202
0.085213
0.085224
0.085235
0.085246
0.085257
0.085268
0.085279
0.08529
0.085301
0.085312
0.085323
0.085334
0.085345
0.085356
0.085367
0.085378
0.085389
0.0854
0.085411
0.085422
0.085433
0.085444
0.085455
0.085466
0.085477
0.085488
0.085499
0.08551
0.085521
0.085532
0.085543
0.085554
0.085565
0.085576
0.085587
0.085598
0.085609
0.08562
0.085631
0.085642
0.085653
0.085664
0.085675
0.085686
0.085697
0.085708
0.085719
0.08573
0.085741
0.085752
0.085763
0.085774
0.085785
0.085796
0.085807
0.085818
0.085829
0.08584
0.085851
0.085862
0.085873
0.085884
0.085895
0.085906
0.085917
0.085928
0.085939
0.08595
0.085961
0.085972
0.085983
0.085994
0.086005
0.086016
0.086027
0.086038
0.086049
0.08606
0.086071
0.086082
0.086093
0.086104
0.086115
0.086126
0.086137
0.086148
0.086159
0.08617
0.086181
0.086192
0.086203
0.086214
0.086225
