4.632318e-02
4.632456e-02
4.630875e-02
4.632253e-02
4.635066e-02
4.637162e-02
4.639910e-02
4.640614e-02
4.644437e-02
4.645472e-02
4.646414e-02
4.646685e-02
4.644394e-02
4.637909e-02
4.632582e-02
4.633170e-02
4.642728e-02
4.649083e-02
4.652118e-02
4.647368e-02
4.638747e-02
4.630441e-02
4.634113e-02
4.635788e-02
4.632900e-02
4.629495e-02
4.626728e-02
4.629740e-02
4.633498e-02
4.636381e-02
4.640726e-02
4.643078e-02
4.637958e-02
4.634516e-02
4.630566e-02
4.628889e-02
4.631310e-02
4.639547e-02
4.647943e-02
4.641256e-02
4.640080e-02
4.632616e-02
4.627547e-02
4.627169e-02
4.632635e-02
4.643409e-02
4.645920e-02
4.645986e-02
4.645575e-02
4.648017e-02
4.646544e-02
4.650760e-02
4.649615e-02
4.645901e-02
4.637251e-02
4.633729e-02
4.632765e-02
4.637298e-02
4.639206e-02
4.638071e-02
4.637872e-02
4.633830e-02
4.630304e-02
4.622593e-02
4.611666e-02
4.601798e-02
4.594956e-02
4.589470e-02
4.587374e-02
4.590823e-02
4.589967e-02
4.587626e-02
4.590254e-02
4.587343e-02
4.586582e-02
4.583142e-02
4.584500e-02
4.586994e-02
4.590234e-02
4.588986e-02
4.587389e-02
4.588015e-02
4.588135e-02
4.589387e-02
4.589481e-02
4.590212e-02
4.586875e-02
4.587265e-02
4.590983e-02
4.599006e-02
4.607093e-02
4.613042e-02
4.621279e-02
4.627508e-02
4.632653e-02
4.638529e-02
4.636991e-02
4.630295e-02
4.623021e-02
4.622692e-02
4.624292e-02
4.637061e-02
4.645754e-02
4.647618e-02
4.641681e-02
4.626487e-02
4.633908e-02
4.636969e-02
4.639244e-02
4.636868e-02
4.633551e-02
4.631424e-02
4.626527e-02
4.627418e-02
4.628124e-02
4.618842e-02
4.616523e-02
4.609494e-02
4.613879e-02
4.610372e-02
4.610925e-02
4.610666e-02
4.608506e-02
4.601540e-02
4.592135e-02
4.590078e-02
4.591340e-02
4.594594e-02
4.594256e-02
4.595062e-02
4.594396e-02
4.594518e-02
4.590811e-02
4.584261e-02
4.576991e-02
4.576103e-02
4.581019e-02
4.585566e-02
4.587845e-02
4.589471e-02
4.591484e-02
4.596611e-02
4.600753e-02
4.609236e-02
4.618809e-02
4.625361e-02
4.626742e-02
4.627134e-02
4.625620e-02
4.621786e-02
4.616260e-02
4.617212e-02
4.618922e-02
4.626030e-02
4.637912e-02
4.644657e-02
4.652717e-02
4.657469e-02
4.656727e-02
4.654588e-02
4.651333e-02
4.652145e-02
4.656069e-02
4.658666e-02
4.658709e-02
4.655290e-02
4.653462e-02
4.654231e-02
4.644634e-02
4.648045e-02
4.646971e-02
4.651147e-02
4.652473e-02
4.651388e-02
4.646391e-02
4.641117e-02
4.636279e-02
4.634915e-02
4.635715e-02
4.636210e-02
4.638678e-02
4.631330e-02
4.624976e-02
4.618366e-02
4.622809e-02
4.631542e-02
4.636581e-02
4.641576e-02
4.638249e-02
4.630899e-02
4.630999e-02
4.634938e-02
4.638322e-02
4.641786e-02
4.644064e-02
4.648306e-02
4.649828e-02
4.650993e-02
4.646975e-02
4.644871e-02
4.640483e-02
4.639405e-02
4.634904e-02
4.639067e-02
4.645856e-02
4.653470e-02
4.654508e-02
4.651679e-02
4.646142e-02
4.642911e-02
4.642859e-02
4.647678e-02
4.652024e-02
4.653082e-02
4.654988e-02
4.656889e-02
4.656647e-02
4.659895e-02
4.659644e-02
4.661662e-02
4.673320e-02
4.674589e-02
4.673458e-02
4.670378e-02
4.668823e-02
4.668775e-02
4.664267e-02
4.663009e-02
4.663360e-02
4.664507e-02
4.670535e-02
4.671944e-02
4.672402e-02
4.668029e-02
4.663946e-02
4.661622e-02
4.658510e-02
4.643642e-02
4.642875e-02
4.643342e-02
4.638012e-02
4.634098e-02
4.636642e-02
4.644902e-02
4.653866e-02
4.651914e-02
4.649087e-02
4.647058e-02
4.647686e-02
4.650807e-02
4.651154e-02
4.650468e-02
4.644164e-02
4.642932e-02
4.643186e-02
4.642632e-02
4.641642e-02
4.641793e-02
4.641968e-02
4.641633e-02
4.640479e-02
4.638107e-02
4.635255e-02
4.640854e-02
4.642927e-02
4.644111e-02
4.634281e-02
4.631070e-02
4.621905e-02
4.627347e-02
4.629558e-02
4.630352e-02
4.625480e-02
4.623480e-02
4.618510e-02
4.619022e-02
4.616428e-02
4.616877e-02
4.615532e-02
4.615197e-02
4.615421e-02
4.611516e-02
4.609702e-02
4.605297e-02
4.605778e-02
4.605757e-02
4.608713e-02
4.610644e-02
4.609409e-02
4.610045e-02
4.605558e-02
4.606839e-02
4.608080e-02
4.611745e-02
4.615082e-02
4.608782e-02
4.603348e-02
4.600588e-02
4.603625e-02
4.601973e-02
4.598344e-02
4.590960e-02
4.587022e-02
4.589226e-02
4.583202e-02
4.583075e-02
4.578857e-02
4.577713e-02
4.578737e-02
4.581522e-02
4.587710e-02
4.589720e-02
4.591065e-02
4.594965e-02
4.597738e-02
4.599301e-02
4.596813e-02
4.596412e-02
4.594387e-02
4.594854e-02
4.591967e-02
4.589481e-02
4.589049e-02
4.600422e-02
4.611977e-02
4.617420e-02
4.618588e-02
4.614104e-02
4.618961e-02
4.624620e-02
4.629841e-02
4.631838e-02
4.632280e-02
4.634566e-02
4.640559e-02
4.643099e-02
4.637422e-02
4.629936e-02
4.626020e-02
4.625073e-02
4.627415e-02
4.630596e-02
4.635484e-02
4.635524e-02
4.635227e-02
4.633307e-02
4.629487e-02
4.629311e-02
4.628172e-02
4.632586e-02
4.634451e-02
4.638775e-02
4.641680e-02
4.641842e-02
4.642009e-02
4.650635e-02
4.662569e-02
4.669379e-02
4.674042e-02
4.672320e-02
4.662395e-02
4.655342e-02
4.655235e-02
4.664978e-02
4.677830e-02
4.681672e-02
4.679278e-02
4.674786e-02
4.674831e-02
4.678387e-02
4.680368e-02
4.680896e-02
4.682518e-02
4.687400e-02
4.698936e-02
4.701847e-02
4.708540e-02
4.711283e-02
4.703933e-02
4.696930e-02
4.693485e-02
4.695054e-02
4.696424e-02
4.692427e-02
4.689162e-02
4.685559e-02
4.682786e-02
4.686212e-02
4.689008e-02
4.687788e-02
4.686013e-02
4.680850e-02
4.683088e-02
4.682041e-02
4.686853e-02
4.687062e-02
4.683675e-02
4.680483e-02
4.674333e-02
4.665010e-02
4.659838e-02
4.658302e-02
4.659182e-02
4.662218e-02
4.666236e-02
4.663446e-02
4.655766e-02
4.655926e-02
4.656786e-02
4.663199e-02
4.666133e-02
4.660327e-02
4.653151e-02
4.641094e-02
4.639100e-02
4.640492e-02
4.636799e-02
4.632903e-02
4.628377e-02
4.622542e-02
4.614319e-02
4.610244e-02
4.604328e-02
4.600081e-02
4.600666e-02
4.601359e-02
4.608578e-02
4.617572e-02
4.625146e-02
4.630228e-02
4.626719e-02
4.624900e-02
4.621757e-02
4.622581e-02
4.626438e-02
4.630216e-02
4.637225e-02
4.634623e-02
4.637652e-02
4.641221e-02
4.643997e-02
4.651061e-02
4.650161e-02
4.648377e-02
4.641474e-02
4.641906e-02
4.644920e-02
4.657482e-02
4.651474e-02
4.651315e-02
4.645972e-02
4.642956e-02
4.643991e-02
4.646188e-02
4.649085e-02
4.647483e-02
4.645814e-02
4.649184e-02
4.654236e-02
4.657714e-02
4.656118e-02
4.651373e-02
4.649392e-02
4.652782e-02
4.653196e-02
4.655736e-02
4.654165e-02
4.654556e-02
4.651659e-02
4.648721e-02
4.650270e-02
4.649976e-02
4.647821e-02
4.647283e-02
4.646169e-02
4.644652e-02
4.641926e-02
4.643394e-02
4.647097e-02
4.647920e-02
4.647998e-02
4.648591e-02
4.648961e-02
4.647843e-02
4.649898e-02
4.649873e-02
4.650935e-02
4.651039e-02
4.644701e-02
4.643518e-02
4.639101e-02
4.641558e-02
4.646771e-02
4.643344e-02
4.637079e-02
4.635041e-02
4.637671e-02
4.640295e-02
4.642039e-02
4.643910e-02
4.646713e-02
4.645414e-02
4.643296e-02
4.641542e-02
4.644942e-02
4.640473e-02
4.643709e-02
4.645866e-02
4.648381e-02
4.653035e-02
4.652750e-02
4.652374e-02
4.650031e-02
4.651967e-02
4.653776e-02
4.659448e-02
4.663599e-02
4.667196e-02
4.669489e-02
4.668700e-02
4.668517e-02
4.674479e-02
4.674140e-02
4.682676e-02
4.683956e-02
4.685964e-02
4.682393e-02
4.676584e-02
4.671274e-02
4.671231e-02
4.679673e-02
4.688022e-02
4.685145e-02
4.683976e-02
4.674922e-02
4.674460e-02
4.675582e-02
4.675948e-02
4.670531e-02
4.663331e-02
4.660443e-02
4.660369e-02
4.662627e-02
4.665122e-02
4.665904e-02
4.667304e-02
4.669366e-02
4.657052e-02
4.655102e-02
4.652400e-02
4.645158e-02
4.648581e-02
4.653573e-02
4.656337e-02
4.652274e-02
4.644326e-02
4.640073e-02
4.635039e-02
4.633039e-02
4.630971e-02
4.630993e-02
4.636551e-02
4.638189e-02
4.634974e-02
4.630523e-02
4.625463e-02
4.623525e-02
4.624900e-02
4.626064e-02
4.625012e-02
4.627294e-02
4.622083e-02
4.624614e-02
4.619024e-02
4.613625e-02
4.605699e-02
4.604002e-02
4.603379e-02
4.609298e-02
4.617215e-02
4.621260e-02
4.619937e-02
4.618444e-02
4.617749e-02
4.627276e-02
4.637079e-02
4.637551e-02
4.639265e-02
4.642159e-02
4.645317e-02
4.652943e-02
4.664197e-02
4.672014e-02
4.672722e-02
4.668455e-02
4.666303e-02
4.669036e-02
4.672263e-02
4.667980e-02
4.657416e-02
4.665447e-02
4.668014e-02
4.670228e-02
4.667358e-02
4.660025e-02
4.646313e-02
4.649468e-02
4.649210e-02
4.648089e-02
4.647800e-02
4.650303e-02
4.655564e-02
4.656277e-02
4.655848e-02
4.647408e-02
4.644940e-02
4.651688e-02
4.656816e-02
4.661509e-02
4.665485e-02
4.663808e-02
4.666960e-02
4.672139e-02
4.675742e-02
4.677808e-02
4.678221e-02
4.675067e-02
4.676521e-02
4.678332e-02
4.684360e-02
4.694313e-02
4.702739e-02
4.708224e-02
4.708688e-02
4.706556e-02
4.704110e-02
4.705618e-02
4.708898e-02
4.708033e-02
4.706728e-02
4.705456e-02
4.706934e-02
4.705033e-02
4.706251e-02
4.711184e-02
4.711532e-02
4.710614e-02
4.710106e-02
4.708499e-02
4.701743e-02
4.700889e-02
4.700467e-02
4.703800e-02
4.697719e-02
4.696895e-02
4.698094e-02
4.698578e-02
4.690874e-02
4.689479e-02
4.675451e-02
4.670360e-02
4.661990e-02
4.665487e-02
4.666747e-02
4.665976e-02
4.665089e-02
4.657976e-02
4.653846e-02
4.657032e-02
4.660163e-02
4.655781e-02
4.645173e-02
4.635392e-02
4.630901e-02
4.624088e-02
4.629794e-02
4.632925e-02
4.631418e-02
4.630686e-02
4.634874e-02
4.636171e-02
4.635263e-02
4.627799e-02
4.625317e-02
4.627585e-02
4.637103e-02
4.643559e-02
4.646326e-02
4.645581e-02
4.644048e-02
4.647325e-02
4.647479e-02
4.653099e-02
4.663563e-02
4.667840e-02
4.665968e-02
4.663099e-02
4.663358e-02
4.666691e-02
4.671809e-02
4.666311e-02
4.669119e-02
4.667070e-02
4.665319e-02
4.664181e-02
4.663539e-02
4.665718e-02
4.670912e-02
4.673703e-02
4.679479e-02
4.685121e-02
4.697064e-02
4.706873e-02
4.709428e-02
4.706565e-02
4.703704e-02
4.701553e-02
4.696131e-02
4.693382e-02
4.692250e-02
4.699296e-02
4.706686e-02
4.711083e-02
4.714903e-02
4.715054e-02
4.718811e-02
4.717104e-02
4.715455e-02
4.714549e-02
4.711259e-02
4.704591e-02
4.704100e-02
4.699442e-02
4.697062e-02
4.697225e-02
4.689636e-02
4.679345e-02
4.669452e-02
4.671227e-02
4.680306e-02
4.690592e-02
4.690515e-02
4.681557e-02
4.668843e-02
4.666180e-02
4.668159e-02
4.671015e-02
4.675868e-02
4.675698e-02
4.674142e-02
4.674191e-02
4.676791e-02
4.675653e-02
4.674514e-02
4.672465e-02
4.671067e-02
4.672288e-02
4.674872e-02
4.685675e-02
4.693359e-02
4.696561e-02
4.694438e-02
4.687331e-02
4.682123e-02
4.677557e-02
4.682556e-02
4.674083e-02
4.673102e-02
4.677638e-02
4.675980e-02
4.681548e-02
4.682329e-02
4.682653e-02
4.684143e-02
4.687049e-02
4.692088e-02
4.699139e-02
4.698786e-02
4.700971e-02
4.700353e-02
4.698022e-02
4.696733e-02
4.695129e-02
4.691587e-02
4.693462e-02
4.688605e-02
4.687735e-02
4.689321e-02
4.689072e-02
4.687993e-02
4.693102e-02
4.688506e-02
4.685373e-02
4.679896e-02
4.678699e-02
4.672793e-02
4.669938e-02
4.663826e-02
4.657696e-02
4.655982e-02
4.659838e-02
4.666269e-02
4.669756e-02
4.670178e-02
4.669460e-02
4.666478e-02
4.664566e-02
4.662219e-02
4.661558e-02
4.662364e-02
4.667431e-02
4.667869e-02
4.670336e-02
4.672898e-02
4.666692e-02
4.665109e-02
4.665437e-02
4.673866e-02
4.678948e-02
4.687988e-02
4.687126e-02
4.681396e-02
4.681092e-02
4.680013e-02
4.680444e-02
4.687523e-02
4.685736e-02
4.687129e-02
4.683129e-02
4.687907e-02
4.688364e-02
4.681922e-02
4.676737e-02
4.677042e-02
4.679676e-02
4.678734e-02
4.672754e-02
4.668458e-02
4.667013e-02
4.668568e-02
4.666988e-02
4.662345e-02
4.655601e-02
4.650703e-02
4.649787e-02
4.654899e-02
4.654457e-02
4.653638e-02
4.650059e-02
4.644786e-02
4.641248e-02
4.639616e-02
4.632387e-02
4.632148e-02
4.631250e-02
4.630973e-02
4.631637e-02
4.631625e-02
4.627663e-02
4.625577e-02
4.622994e-02
4.623731e-02
4.625226e-02
4.628932e-02
4.633873e-02
4.634943e-02
4.632287e-02
4.628868e-02
4.623737e-02
4.621821e-02
4.624244e-02
4.629906e-02
4.640786e-02
4.649270e-02
4.654518e-02
4.653990e-02
4.653936e-02
4.655871e-02
4.661163e-02
4.664344e-02
4.659925e-02
4.654401e-02
4.647753e-02
4.644220e-02
4.643477e-02
4.642351e-02
4.638801e-02
4.639201e-02
4.641202e-02
4.640484e-02
4.638542e-02
4.634201e-02
4.632921e-02
4.637933e-02
4.641370e-02
4.638374e-02
4.644125e-02
4.645477e-02
4.648276e-02
4.652810e-02
4.647959e-02
4.652940e-02
4.657108e-02
4.656487e-02
4.659189e-02
4.651319e-02
4.638151e-02
4.635395e-02
4.622766e-02
4.613565e-02
4.618386e-02
4.613272e-02
4.615811e-02
4.612076e-02
4.610474e-02
4.609657e-02
4.606494e-02
4.607524e-02
4.609026e-02
4.607755e-02
4.603114e-02
4.597663e-02
4.598530e-02
4.607747e-02
4.612320e-02
4.609430e-02
4.603445e-02
4.596631e-02
4.596815e-02
4.595197e-02
4.591661e-02
4.600234e-02
4.598422e-02
4.593944e-02
4.590565e-02
4.590679e-02
4.594648e-02
4.591152e-02
4.585472e-02
4.582782e-02
4.585037e-02
4.587990e-02
4.591633e-02
4.595766e-02
4.594850e-02
4.590380e-02
4.588573e-02
4.584583e-02
4.582875e-02
4.587514e-02
4.591612e-02
4.598602e-02
4.605255e-02
4.609975e-02
4.612341e-02
4.617805e-02
4.622953e-02
4.624130e-02
4.617750e-02
4.609005e-02
4.603666e-02
4.613673e-02
4.626964e-02
4.638656e-02
4.641958e-02
4.639445e-02
4.632270e-02
4.630979e-02
4.627331e-02
4.619953e-02
4.615914e-02
4.613245e-02
4.617075e-02
4.617036e-02
4.612144e-02
4.602300e-02
4.591178e-02
4.583726e-02
4.576929e-02
4.582877e-02
4.592699e-02
4.595174e-02
4.602006e-02
4.596602e-02
4.593617e-02
4.585066e-02
4.587384e-02
4.592625e-02
4.599777e-02
4.600552e-02
4.597881e-02
4.594322e-02
4.594943e-02
4.598636e-02
4.598976e-02
4.601760e-02
4.602482e-02
4.602416e-02
4.609631e-02
4.614926e-02
4.615942e-02
4.614641e-02
4.609957e-02
4.608718e-02
4.601794e-02
4.600402e-02
4.599796e-02
4.602759e-02
4.608575e-02
4.611526e-02
4.615862e-02
4.621635e-02
4.625507e-02
4.629037e-02
4.634308e-02
4.641849e-02
4.645754e-02
4.648899e-02
4.650480e-02
4.647787e-02
4.650356e-02
4.661955e-02
4.670612e-02
4.673569e-02
4.676558e-02
4.675885e-02
4.679875e-02
4.675520e-02
4.672703e-02
4.673483e-02
4.674093e-02
4.677988e-02
4.675815e-02
4.675527e-02
4.669776e-02
4.668923e-02
4.667324e-02
4.662729e-02
4.659952e-02
4.656470e-02
4.651977e-02
4.655505e-02
4.655911e-02
4.657557e-02
4.654298e-02
4.648484e-02
4.637337e-02
4.631058e-02
4.632599e-02
4.634526e-02
4.635304e-02
4.634198e-02
4.633552e-02
4.637767e-02
4.644068e-02
4.643771e-02
4.649903e-02
4.653594e-02
4.671450e-02
4.675940e-02
4.673805e-02
4.661436e-02
4.650409e-02
4.653935e-02
4.659506e-02
4.658218e-02
4.653199e-02
4.641078e-02
4.624833e-02
4.619639e-02
4.620762e-02
4.625530e-02
4.628865e-02
4.624774e-02
4.628477e-02
4.626282e-02
4.619530e-02
4.618700e-02
4.618294e-02
4.625445e-02
4.630619e-02
4.638378e-02
4.639117e-02
4.634514e-02
4.633191e-02
4.634786e-02
4.638379e-02
4.640617e-02
4.635356e-02
4.634462e-02
4.636052e-02
4.641272e-02
4.643605e-02
4.641072e-02
4.637458e-02
4.635092e-02
4.630560e-02
4.621844e-02
4.613673e-02
4.604375e-02
4.602127e-02
4.605580e-02
4.611114e-02
4.609624e-02
4.608916e-02
4.605741e-02
4.602785e-02
4.611657e-02
4.618386e-02
4.621609e-02
4.615269e-02
4.609466e-02
4.607646e-02
4.603050e-02
4.602569e-02
4.601508e-02
4.610279e-02
4.622450e-02
4.631627e-02
4.637832e-02
4.634487e-02
4.631241e-02
4.632742e-02
4.639618e-02
4.646353e-02
4.650630e-02
4.648787e-02
4.645586e-02
4.642241e-02
4.642420e-02
4.639741e-02
4.643088e-02
4.646352e-02
4.653682e-02
4.660327e-02
4.669334e-02
4.670208e-02
4.676886e-02
4.682005e-02
4.694057e-02
4.706298e-02
4.712572e-02
4.712926e-02
4.710127e-02
4.709643e-02
4.710187e-02
4.705215e-02
4.701165e-02
4.699107e-02
4.697160e-02
4.696996e-02
4.694841e-02
4.696509e-02
4.699468e-02
4.702184e-02
4.703750e-02
4.703109e-02
4.707652e-02
4.712442e-02
4.718254e-02
4.727387e-02
4.730355e-02
4.725833e-02
4.718321e-02
4.719143e-02
4.726272e-02
4.727556e-02
4.730008e-02
4.728125e-02
4.722176e-02
4.714937e-02
4.710202e-02
4.711883e-02
4.710696e-02
4.709963e-02
4.710497e-02
4.714660e-02
4.718943e-02
4.718466e-02
4.714057e-02
4.711847e-02
4.710099e-02
4.707481e-02
4.707838e-02
4.698716e-02
4.685330e-02
4.673167e-02
4.665241e-02
4.660559e-02
4.656905e-02
4.654398e-02
4.649585e-02
4.644457e-02
4.641350e-02
4.637034e-02
4.633630e-02
4.629805e-02
4.629382e-02
4.636282e-02
4.645765e-02
4.652738e-02
4.658428e-02
4.657462e-02
4.658568e-02
4.662546e-02
4.660817e-02
4.659742e-02
4.650837e-02
4.640469e-02
4.640447e-02
4.642981e-02
4.644327e-02
4.645018e-02
4.641783e-02
4.637351e-02
4.636951e-02
4.639020e-02
4.639981e-02
4.645819e-02
4.657061e-02
4.663308e-02
4.667026e-02
4.662380e-02
4.660842e-02
4.654572e-02
4.660762e-02
4.659548e-02
4.657969e-02
4.653246e-02
4.649553e-02
4.653796e-02
4.654691e-02
4.654794e-02
4.658307e-02
4.664626e-02
4.673043e-02
4.679993e-02
4.683881e-02
4.676718e-02
4.667054e-02
4.664948e-02
4.672725e-02
4.679928e-02
4.686223e-02
4.690617e-02
4.687236e-02
4.679625e-02
4.671470e-02
4.664335e-02
4.661857e-02
4.660158e-02
4.660807e-02
4.660594e-02
4.659723e-02
4.653709e-02
4.643671e-02
4.632004e-02
4.632395e-02
4.635868e-02
4.643675e-02
4.647693e-02
4.649083e-02
4.646841e-02
4.647613e-02
4.648604e-02
4.654489e-02
4.649482e-02
4.650574e-02
4.649488e-02
4.650952e-02
4.656569e-02
4.658219e-02
4.657841e-02
4.659676e-02
4.660700e-02
4.661509e-02
4.663362e-02
4.658740e-02
4.661688e-02
4.665016e-02
4.665381e-02
4.664782e-02
4.667721e-02
4.668689e-02
4.672675e-02
4.679739e-02
4.684207e-02
4.687441e-02
4.684747e-02
4.684489e-02
4.683446e-02
4.684312e-02
4.686812e-02
4.689751e-02
4.692546e-02
4.693041e-02
4.690467e-02
4.688505e-02
4.682891e-02
4.690675e-02
4.697122e-02
4.700236e-02
4.702958e-02
4.709699e-02
4.711032e-02
4.710069e-02
4.706981e-02
4.704121e-02
4.703774e-02
4.711175e-02
4.714853e-02
4.718877e-02
4.721828e-02
4.723906e-02
4.723282e-02
4.721967e-02
4.721228e-02
4.713624e-02
4.707033e-02
4.698168e-02
4.690934e-02
4.687354e-02
4.686887e-02
4.684026e-02
4.674471e-02
4.667336e-02
4.655849e-02
4.661866e-02
4.666624e-02
4.667429e-02
4.665140e-02
4.652714e-02
4.641055e-02
4.642334e-02
4.643813e-02
4.643946e-02
4.641039e-02
4.635554e-02
4.631942e-02
4.628243e-02
4.621293e-02
4.615739e-02
4.612707e-02
4.616765e-02
4.619609e-02
4.615464e-02
4.610497e-02
4.605622e-02
4.603048e-02
4.604612e-02
4.608262e-02
4.611850e-02
4.616320e-02
4.620909e-02
4.624081e-02
4.623773e-02
4.623682e-02
4.623360e-02
4.625411e-02
4.626515e-02
4.634337e-02
4.638922e-02
4.644847e-02
4.647399e-02
4.648420e-02
4.646706e-02
4.644141e-02
4.645693e-02
4.644220e-02
4.642856e-02
4.640725e-02
4.636617e-02
4.633012e-02
4.628987e-02
4.620452e-02
4.613152e-02
4.604943e-02
4.600651e-02
4.599542e-02
4.602996e-02
4.601084e-02
4.600902e-02
4.599659e-02
4.599479e-02
4.599145e-02
4.601697e-02
4.603110e-02
4.605486e-02
4.606312e-02
4.606945e-02
4.605602e-02
4.605752e-02
4.615113e-02
4.628409e-02
4.640187e-02
4.650532e-02
4.655070e-02
4.655724e-02
4.652250e-02
4.651418e-02
4.655318e-02
4.662585e-02
4.669562e-02
4.676165e-02
4.674348e-02
4.669228e-02
4.665532e-02
4.665537e-02
4.672267e-02
4.679091e-02
4.681399e-02
4.681378e-02
4.682278e-02
4.679757e-02
4.678596e-02
4.679372e-02
4.681691e-02
4.682752e-02
4.677971e-02
4.682395e-02
4.682156e-02
4.684575e-02
4.686268e-02
4.687981e-02
4.682183e-02
4.671389e-02
4.663921e-02
4.661086e-02
4.665317e-02
4.665447e-02
4.661554e-02
4.660828e-02
4.664289e-02
4.668888e-02
4.668605e-02
4.666117e-02
4.661408e-02
4.656332e-02
4.652843e-02
4.647189e-02
4.642005e-02
4.643811e-02
4.648705e-02
4.651961e-02
4.656318e-02
4.657855e-02
4.656721e-02
4.652580e-02
4.652895e-02
4.657584e-02
4.662122e-02
4.661898e-02
4.664082e-02
4.664306e-02
4.664895e-02
4.664560e-02
4.665299e-02
4.663281e-02
4.664919e-02
4.665282e-02
4.670551e-02
4.674580e-02
4.678330e-02
4.677658e-02
4.671910e-02
4.668477e-02
4.663768e-02
4.664387e-02
4.666073e-02
4.667906e-02
4.666301e-02
4.665149e-02
4.667153e-02
4.670276e-02
4.670332e-02
4.675670e-02
4.681339e-02
4.683006e-02
4.684258e-02
4.684583e-02
4.691516e-02
4.701008e-02
4.704811e-02
4.700844e-02
4.697737e-02
4.696781e-02
4.697106e-02
4.692956e-02
4.687862e-02
4.683213e-02
4.679818e-02
4.679355e-02
4.674108e-02
4.678842e-02
4.674497e-02
4.680183e-02
4.685699e-02
4.687686e-02
4.687012e-02
4.685641e-02
4.686639e-02
4.687819e-02
4.690410e-02
4.691234e-02
4.693093e-02
4.694651e-02
4.696771e-02
4.694309e-02
4.688189e-02
4.685437e-02
4.679829e-02
4.677288e-02
4.679556e-02
4.677195e-02
4.672315e-02
4.669210e-02
4.669162e-02
4.671254e-02
4.673392e-02
4.666170e-02
4.666747e-02
4.669882e-02
4.672642e-02
4.671126e-02
4.664046e-02
4.654266e-02
4.642051e-02
4.635220e-02
4.635744e-02
4.633695e-02
4.632106e-02
4.624794e-02
4.619196e-02
4.616582e-02
4.618957e-02
4.622275e-02
4.623147e-02
4.622075e-02
4.620940e-02
4.622112e-02
4.613222e-02
4.601317e-02
4.588285e-02
4.584027e-02
4.585233e-02
4.589254e-02
4.595483e-02
4.595244e-02
4.591258e-02
4.585350e-02
4.584892e-02
4.595600e-02
4.599509e-02
4.601137e-02
4.603456e-02
4.609958e-02
4.616520e-02
4.621220e-02
4.620720e-02
4.623984e-02
4.632936e-02
4.638442e-02
4.644562e-02
4.648216e-02
4.651050e-02
4.651560e-02
4.650347e-02
4.642264e-02
4.633446e-02
4.622783e-02
4.618483e-02
4.618856e-02
4.623019e-02
4.624762e-02
4.624747e-02
4.627716e-02
4.635891e-02
4.644621e-02
4.646280e-02
4.649081e-02
4.647829e-02
4.647113e-02
4.645651e-02
4.637731e-02
4.633069e-02
4.634593e-02
4.636603e-02
4.638516e-02
4.638068e-02
4.635471e-02
4.638298e-02
4.642118e-02
4.639386e-02
4.636896e-02
4.632795e-02
4.625083e-02
4.624813e-02
4.623748e-02
4.621803e-02
4.620492e-02
4.620564e-02
4.621383e-02
4.626388e-02
4.629689e-02
4.631308e-02
4.627364e-02
4.629056e-02
4.627029e-02
4.628448e-02
4.626329e-02
4.628101e-02
4.630487e-02
4.628855e-02
4.630058e-02
4.633313e-02
4.638153e-02
4.637464e-02
4.645550e-02
4.644627e-02
4.649727e-02
4.651080e-02
4.659453e-02
4.665858e-02
4.672912e-02
4.683027e-02
4.684322e-02
4.676872e-02
4.670687e-02
4.670802e-02
4.673323e-02
4.678042e-02
4.677431e-02
4.672126e-02
4.658970e-02
4.658843e-02
4.657183e-02
4.656956e-02
4.659284e-02
4.656759e-02
4.655574e-02
4.658966e-02
4.664882e-02
4.658653e-02
4.649776e-02
4.643547e-02
4.644449e-02
4.648735e-02
4.647568e-02
4.650627e-02
4.645942e-02
4.639069e-02
4.631698e-02
4.623123e-02
4.613898e-02
4.620450e-02
4.620146e-02
4.624490e-02
4.623204e-02
4.622143e-02
4.626008e-02
4.635936e-02
4.642152e-02
4.645960e-02
4.645623e-02
4.644557e-02
4.652035e-02
4.655934e-02
4.652035e-02
4.647536e-02
4.640185e-02
4.636285e-02
4.640984e-02
4.647716e-02
4.649311e-02
4.647295e-02
4.640427e-02
4.633690e-02
4.630111e-02
4.629649e-02
4.630148e-02
4.633390e-02
4.637206e-02
4.637413e-02
4.637737e-02
4.633412e-02
4.625898e-02
4.619461e-02
4.602179e-02
4.603885e-02
4.595040e-02
4.594745e-02
4.598735e-02
4.603951e-02
4.606380e-02
4.604854e-02
4.600590e-02
4.600195e-02
4.599706e-02
4.601154e-02
4.608863e-02
4.617534e-02
4.621312e-02
4.622077e-02
4.619152e-02
4.617052e-02
4.615188e-02
4.608582e-02
4.603952e-02
4.600496e-02
4.598044e-02
4.597070e-02
4.597180e-02
4.599310e-02
4.606047e-02
4.608220e-02
4.605037e-02
4.594853e-02
4.589617e-02
4.590678e-02
4.593633e-02
4.598380e-02
4.602119e-02
4.604101e-02
4.613713e-02
4.612850e-02
4.610387e-02
4.603529e-02
4.599063e-02
4.594471e-02
4.593205e-02
4.589539e-02
4.595436e-02
4.599242e-02
4.610157e-02
4.619424e-02
4.629769e-02
4.633409e-02
4.638682e-02
4.638471e-02
4.636374e-02
4.640212e-02
4.639491e-02
4.636411e-02
4.632887e-02
4.632309e-02
4.625352e-02
4.619534e-02
4.616491e-02
4.614091e-02
4.623931e-02
4.631545e-02
4.636900e-02
4.634274e-02
4.633866e-02
4.626511e-02
4.626235e-02
4.631252e-02
4.644981e-02
4.650838e-02
4.652089e-02
4.650674e-02
4.646811e-02
4.638924e-02
4.635926e-02
4.638100e-02
4.646568e-02
4.650900e-02
4.654134e-02
4.652790e-02
4.650435e-02
4.644756e-02
4.635732e-02
4.635060e-02
4.639144e-02
4.643806e-02
4.652321e-02
4.656946e-02
4.663396e-02
4.670199e-02
4.675654e-02
4.673868e-02
4.672652e-02
4.665216e-02
4.661240e-02
4.656402e-02
4.656600e-02
4.661898e-02
4.664751e-02
4.671156e-02
4.670919e-02
4.667033e-02
4.666232e-02
4.662790e-02
4.662181e-02
4.658747e-02
4.651123e-02
4.646305e-02
4.642746e-02
4.645634e-02
4.650184e-02
4.649141e-02
4.645246e-02
4.639890e-02
4.633249e-02
4.631982e-02
4.630194e-02
4.632453e-02
4.634409e-02
4.637037e-02
4.639711e-02
4.648372e-02
4.647893e-02
4.649913e-02
4.650672e-02
4.648096e-02
4.649209e-02
4.642967e-02
4.644057e-02
4.644524e-02
4.650757e-02
4.654800e-02
4.659659e-02
4.659933e-02
4.665717e-02
4.668595e-02
4.669023e-02
4.664652e-02
4.656166e-02
4.648980e-02
4.644236e-02
4.643848e-02
4.648103e-02
4.650893e-02
4.650727e-02
4.645250e-02
4.639761e-02
4.630868e-02
4.633750e-02
4.638006e-02
4.641880e-02
4.637764e-02
4.630974e-02
4.629276e-02
4.631783e-02
4.633307e-02
4.633048e-02
4.629478e-02
4.631220e-02
4.635054e-02
4.632881e-02
4.635786e-02
4.647998e-02
4.656698e-02
4.660729e-02
4.661702e-02
4.656170e-02
4.643174e-02
4.634187e-02
4.631465e-02
4.621878e-02
4.623868e-02
4.623274e-02
4.621528e-02
4.615220e-02
4.617928e-02
4.615643e-02
4.612393e-02
4.614938e-02
4.615988e-02
4.616375e-02
4.616338e-02
4.614212e-02
4.613145e-02
4.613097e-02
4.614083e-02
4.613139e-02
4.616430e-02
4.620451e-02
4.627314e-02
4.630753e-02
4.631995e-02
4.635296e-02
4.635611e-02
4.636668e-02
4.632131e-02
4.620188e-02
4.609457e-02
4.600935e-02
4.594293e-02
4.588174e-02
4.578241e-02
4.577935e-02
4.575521e-02
4.577435e-02
4.581206e-02
4.585554e-02
4.586539e-02
4.587189e-02
4.586052e-02
4.585145e-02
4.587880e-02
4.589962e-02
4.597388e-02
4.598243e-02
4.599638e-02
4.603253e-02
4.608219e-02
4.609871e-02
4.612087e-02
4.614716e-02
4.617881e-02
4.628963e-02
4.639385e-02
4.646309e-02
4.647125e-02
4.648317e-02
4.651406e-02
4.658261e-02
4.666791e-02
4.673564e-02
4.671912e-02
4.663765e-02
4.657826e-02
4.650147e-02
4.655745e-02
4.654741e-02
4.650991e-02
4.648146e-02
4.649301e-02
4.648439e-02
4.645119e-02
4.645183e-02
4.644880e-02
4.644109e-02
4.641210e-02
4.633869e-02
4.632026e-02
4.632119e-02
4.630602e-02
4.629855e-02
4.625567e-02
4.626072e-02
4.627860e-02
4.632673e-02
4.629569e-02
4.624865e-02
4.616118e-02
4.616193e-02
4.621834e-02
4.629699e-02
4.624317e-02
4.626531e-02
4.621267e-02
4.616416e-02
4.611624e-02
4.603755e-02
4.597047e-02
4.594080e-02
4.594521e-02
4.599871e-02
4.607688e-02
4.610243e-02
4.608180e-02
4.601381e-02
4.589265e-02
4.584677e-02
4.582454e-02
4.586121e-02
4.589936e-02
4.594740e-02
4.601398e-02
4.605359e-02
4.609966e-02
4.615557e-02
4.619755e-02
4.622614e-02
4.624951e-02
4.624283e-02
4.623951e-02
4.615038e-02
4.610879e-02
4.602649e-02
4.610828e-02
4.614762e-02
4.626437e-02
4.626801e-02
4.623677e-02
4.616396e-02
4.611649e-02
4.612725e-02
4.617143e-02
4.623509e-02
4.630341e-02
4.636176e-02
4.640741e-02
4.640682e-02
4.641755e-02
4.636603e-02
4.632170e-02
4.627198e-02
4.628305e-02
4.635607e-02
4.631506e-02
4.632099e-02
4.626602e-02
4.627068e-02
4.629196e-02
4.637667e-02
4.642231e-02
4.644826e-02
4.642831e-02
4.643522e-02
4.641068e-02
4.644137e-02
4.645164e-02
4.648208e-02
4.652903e-02
4.648954e-02
4.643714e-02
4.641109e-02
4.637007e-02
4.638294e-02
4.638125e-02
4.636168e-02
4.641838e-02
4.653169e-02
4.665420e-02
4.676727e-02
4.679978e-02
4.676462e-02
4.667651e-02
4.661922e-02
4.654640e-02
4.646216e-02
4.637844e-02
4.640069e-02
4.640813e-02
4.641241e-02
4.640060e-02
4.634735e-02
4.629313e-02
4.624936e-02
4.627055e-02
4.624404e-02
4.622758e-02
4.624789e-02
4.629100e-02
4.630865e-02
4.629789e-02
4.626423e-02
4.626940e-02
4.627419e-02
4.627919e-02
4.634763e-02
4.633687e-02
4.637258e-02
4.639277e-02
4.639742e-02
4.636527e-02
4.631331e-02
4.635886e-02
4.635988e-02
4.644737e-02
4.656902e-02
4.659576e-02
4.656472e-02
4.651999e-02
4.646678e-02
4.646882e-02
4.645349e-02
4.643021e-02
4.642941e-02
4.639187e-02
4.634804e-02
4.635860e-02
4.631002e-02
4.624694e-02
4.621734e-02
4.622785e-02
4.626018e-02
4.630128e-02
4.634174e-02
4.636753e-02
4.641420e-02
4.638049e-02
4.634393e-02
4.631776e-02
4.633896e-02
4.639984e-02
4.646374e-02
4.650364e-02
4.653494e-02
4.659547e-02
4.665488e-02
4.669323e-02
4.666359e-02
4.662612e-02
4.664936e-02
4.666028e-02
4.668828e-02
4.669479e-02
4.674099e-02
4.671440e-02
4.667384e-02
4.675390e-02
4.687422e-02
4.700595e-02
4.709375e-02
4.708451e-02
4.702231e-02
4.693383e-02
4.691439e-02
4.693904e-02
4.699081e-02
4.705737e-02
4.707257e-02
4.703261e-02
4.698514e-02
4.692213e-02
4.691556e-02
4.694035e-02
4.687410e-02
4.676077e-02
4.666873e-02
4.655932e-02
4.650041e-02
4.646859e-02
4.647095e-02
4.643920e-02
4.639086e-02
4.635597e-02
4.636166e-02
4.642205e-02
4.653014e-02
4.658811e-02
4.661615e-02
4.658260e-02
4.654223e-02
4.649135e-02
4.649236e-02
4.651066e-02
4.653039e-02
4.653084e-02
4.651497e-02
4.651925e-02
4.655514e-02
4.657905e-02
4.659659e-02
4.659421e-02
4.658832e-02
4.662436e-02
4.665135e-02
4.670561e-02
4.669541e-02
4.669533e-02
4.670275e-02
4.668395e-02
4.662318e-02
4.653290e-02
4.646875e-02
4.640930e-02
4.636896e-02
4.634939e-02
4.633627e-02
4.639508e-02
4.643015e-02
4.640063e-02
4.634986e-02
4.632707e-02
4.641069e-02
4.653078e-02
4.660077e-02
4.662819e-02
4.649862e-02
4.648098e-02
4.648565e-02
4.651408e-02
4.649669e-02
4.644780e-02
4.648625e-02
4.652949e-02
4.648181e-02
4.647579e-02
4.644247e-02
4.648403e-02
4.657894e-02
4.668497e-02
4.670421e-02
4.659702e-02
4.660366e-02
4.663233e-02
4.670347e-02
4.679679e-02
4.688362e-02
4.693033e-02
4.689216e-02
4.682599e-02
4.672629e-02
4.662792e-02
4.654745e-02
4.651003e-02
4.650724e-02
4.657904e-02
4.661249e-02
4.660051e-02
4.660057e-02
4.655020e-02
4.646384e-02
4.639149e-02
4.630570e-02
4.626693e-02
4.627756e-02
4.625163e-02
4.624785e-02
4.627727e-02
4.631202e-02
4.636106e-02
4.638665e-02
4.643070e-02
4.644212e-02
4.643750e-02
4.643370e-02
4.650629e-02
4.655999e-02
4.663661e-02
4.662498e-02
4.662206e-02
4.661650e-02
4.659316e-02
4.659303e-02
4.665539e-02
4.665025e-02
4.666776e-02
4.669419e-02
4.668602e-02
4.659695e-02
4.659009e-02
4.649979e-02
4.647380e-02
4.647079e-02
4.653485e-02
4.655317e-02
4.651969e-02
4.654386e-02
4.658546e-02
4.657992e-02
4.655559e-02
4.647040e-02
4.643204e-02
4.649420e-02
4.651704e-02
4.654014e-02
4.654607e-02
4.654352e-02
4.655086e-02
4.656978e-02
4.660185e-02
4.655405e-02
4.654773e-02
4.654213e-02
4.653981e-02
4.646182e-02
4.632320e-02
4.630464e-02
4.623347e-02
4.623140e-02
4.620496e-02
4.622445e-02
4.621339e-02
4.625825e-02
4.624139e-02
4.623485e-02
4.620930e-02
4.621441e-02
4.626462e-02
4.628311e-02
4.629741e-02
4.632026e-02
4.637329e-02
4.640756e-02
4.643910e-02
4.641650e-02
4.643030e-02
4.638144e-02
4.634354e-02
4.625827e-02
4.618367e-02
4.610500e-02
4.607485e-02
4.609616e-02
4.615551e-02
4.617813e-02
4.617631e-02
4.614496e-02
4.613728e-02
4.612881e-02
4.612083e-02
4.607571e-02
4.609049e-02
4.611546e-02
4.615674e-02
4.622102e-02
4.624900e-02
4.627585e-02
4.633770e-02
4.639467e-02
4.642698e-02
4.645759e-02
4.648429e-02
4.655408e-02
4.656221e-02
4.655647e-02
4.650061e-02
4.647595e-02
4.648921e-02
4.653439e-02
4.657189e-02
4.660894e-02
4.660352e-02
4.662755e-02
4.663946e-02
4.670442e-02
4.667809e-02
4.657610e-02
4.654760e-02
4.657684e-02
4.667212e-02
4.669002e-02
4.662953e-02
4.660866e-02
4.653804e-02
4.647807e-02
4.640087e-02
4.637561e-02
4.637853e-02
4.638879e-02
4.645042e-02
4.647181e-02
4.641847e-02
4.633903e-02
4.622975e-02
4.624629e-02
4.629466e-02
4.632669e-02
4.628387e-02
4.627446e-02
4.626490e-02
4.630883e-02
4.639778e-02
4.643844e-02
4.644855e-02
4.640649e-02
4.634740e-02
4.630955e-02
4.631584e-02
4.630295e-02
4.631961e-02
4.631708e-02
4.629737e-02
4.628412e-02
4.626223e-02
4.620554e-02
4.617737e-02
4.617714e-02
4.621955e-02
4.625562e-02
4.626483e-02
4.632188e-02
4.637732e-02
4.642938e-02
4.642698e-02
4.642679e-02
4.646191e-02
4.646840e-02
4.642246e-02
4.637591e-02
4.639937e-02
4.638983e-02
4.640515e-02
4.644919e-02
4.644314e-02
4.646355e-02
4.650849e-02
4.652508e-02
4.662467e-02
4.669768e-02
4.677919e-02
4.680434e-02
4.684657e-02
4.686376e-02
4.680979e-02
4.680900e-02
4.687789e-02
4.691549e-02
4.696146e-02
4.699118e-02
4.704301e-02
4.712362e-02
4.717947e-02
4.719170e-02
4.719150e-02
4.711281e-02
4.705309e-02
4.703201e-02
4.706315e-02
4.709725e-02
4.711597e-02
4.708600e-02
4.707542e-02
4.698837e-02
4.691268e-02
4.678891e-02
4.677482e-02
4.679822e-02
4.677116e-02
4.669779e-02
4.666375e-02
4.660829e-02
4.663117e-02
4.662796e-02
4.661514e-02
4.661111e-02
4.663445e-02
4.662468e-02
4.667899e-02
4.667921e-02
4.671112e-02
4.672834e-02
4.672367e-02
4.666338e-02
4.661667e-02
4.656447e-02
4.657751e-02
4.657879e-02
4.665703e-02
4.668571e-02
4.672517e-02
4.677734e-02
4.670830e-02
4.674852e-02
4.665114e-02
4.668197e-02
4.670615e-02
4.675577e-02
4.683099e-02
4.684169e-02
4.683944e-02
4.686364e-02
4.692152e-02
4.699707e-02
4.702795e-02
4.709656e-02
4.711991e-02
4.714877e-02
4.712467e-02
4.709752e-02
4.712017e-02
4.713881e-02
4.724214e-02
4.727406e-02
4.727574e-02
4.718459e-02
4.713757e-02
4.709240e-02
4.707800e-02
4.701780e-02
4.699605e-02
4.694475e-02
4.697546e-02
4.696295e-02
4.687479e-02
4.676949e-02
4.670081e-02
4.662702e-02
4.664220e-02
4.660720e-02
4.659865e-02
4.660226e-02
4.662665e-02
4.662301e-02
4.663842e-02
4.662941e-02
4.662451e-02
4.662981e-02
4.663296e-02
4.669306e-02
4.674383e-02
4.678997e-02
4.679353e-02
4.676628e-02
4.675475e-02
4.683208e-02
4.694823e-02
4.692733e-02
4.701460e-02
4.706171e-02
4.705446e-02
4.705911e-02
4.700743e-02
4.702202e-02
4.692782e-02
4.692680e-02
4.692036e-02
4.693172e-02
4.694164e-02
4.691913e-02
4.689772e-02
4.685809e-02
4.689413e-02
4.690753e-02
4.691759e-02
4.697892e-02
4.698934e-02
4.697259e-02
4.696338e-02
4.700649e-02
4.705665e-02
4.709855e-02
4.708832e-02
4.701379e-02
4.695257e-02
4.696008e-02
4.701046e-02
4.704237e-02
4.704153e-02
4.703486e-02
4.706421e-02
4.701360e-02
4.696379e-02
4.690304e-02
4.685454e-02
4.689093e-02
4.693553e-02
4.691418e-02
4.686484e-02
4.685979e-02
4.683090e-02
4.684318e-02
4.681809e-02
4.678597e-02
4.671185e-02
4.669364e-02
4.669985e-02
4.663954e-02
4.660769e-02
4.656872e-02
4.651407e-02
4.652102e-02
4.649118e-02
4.638773e-02
4.632934e-02
4.624097e-02
4.622885e-02
4.618173e-02
4.616856e-02
4.613720e-02
4.611300e-02
4.608112e-02
4.618098e-02
4.619130e-02
4.625743e-02
4.629440e-02
4.633201e-02
4.635435e-02
4.637347e-02
4.639281e-02
4.646731e-02
4.648006e-02
4.651035e-02
4.657699e-02
4.660864e-02
4.665069e-02
4.664238e-02
4.663034e-02
4.664634e-02
4.671457e-02
4.675575e-02
4.682360e-02
4.685769e-02
4.681583e-02
4.677081e-02
4.676963e-02
4.681206e-02
4.683014e-02
4.676563e-02
4.667505e-02
4.662669e-02
4.665426e-02
4.667632e-02
4.668297e-02
4.670118e-02
4.673349e-02
4.676213e-02
4.673957e-02
4.669181e-02
4.668019e-02
4.670496e-02
4.668942e-02
4.667201e-02
4.661481e-02
