1.885185e-01
1.885625e-01
1.885983e-01
1.886397e-01
1.886807e-01
1.887259e-01
1.887712e-01
1.888112e-01
1.888580e-01
1.889088e-01
1.889683e-01
1.890284e-01
1.891103e-01
1.892067e-01
1.893069e-01
1.894174e-01
1.895232e-01
1.896176e-01
1.896960e-01
1.897751e-01
1.898540e-01
1.899339e-01
1.900168e-01
1.900895e-01
1.901581e-01
1.902052e-01
1.902272e-01
1.902582e-01
1.902735e-01
1.902894e-01
1.903025e-01
1.902975e-01
1.902853e-01
1.902582e-01
1.902469e-01
1.902238e-01
1.902288e-01
1.902436e-01
1.902557e-01
1.902615e-01
1.902636e-01
1.902849e-01
1.903031e-01
1.903274e-01
1.903520e-01
1.903659e-01
1.903875e-01
1.904034e-01
1.903940e-01
1.903806e-01
1.903630e-01
1.903470e-01
1.903197e-01
1.903010e-01
1.902786e-01
1.902808e-01
1.902842e-01
1.902942e-01
1.902896e-01
1.902706e-01
1.902349e-01
1.901723e-01
1.901074e-01
1.900358e-01
1.899709e-01
1.899127e-01
1.898673e-01
1.898222e-01
1.897855e-01
1.897719e-01
1.897467e-01
1.897253e-01
1.897115e-01
1.896935e-01
1.896739e-01
1.896469e-01
1.896081e-01
1.895797e-01
1.895476e-01
1.895224e-01
1.895061e-01
1.894921e-01
1.894662e-01
1.894392e-01
1.894060e-01
1.893763e-01
1.893618e-01
1.893704e-01
1.893874e-01
1.894264e-01
1.894673e-01
1.895168e-01
1.895690e-01
1.896289e-01
1.896780e-01
1.897369e-01
1.897809e-01
1.898119e-01
1.898189e-01
1.897841e-01
1.897269e-01
1.896437e-01
1.895488e-01
1.894396e-01
1.893259e-01
1.892154e-01
1.891219e-01
1.890373e-01
1.889668e-01
1.889049e-01
1.888425e-01
1.887803e-01
1.887257e-01
1.886760e-01
1.886310e-01
1.885820e-01
1.885320e-01
1.884989e-01
1.884640e-01
1.884451e-01
1.884467e-01
1.884752e-01
1.885280e-01
1.886023e-01
1.886896e-01
1.887743e-01
1.888377e-01
1.888815e-01
1.889054e-01
1.889300e-01
1.889478e-01
1.889727e-01
1.890095e-01
1.890496e-01
1.890848e-01
1.891190e-01
1.891542e-01
1.891898e-01
1.892263e-01
1.892655e-01
1.893036e-01
1.893520e-01
1.894090e-01
1.894692e-01
1.895318e-01
1.895839e-01
1.896405e-01
1.896858e-01
1.897198e-01
1.897393e-01
1.897479e-01
1.897442e-01
1.897359e-01
1.897174e-01
1.896979e-01
1.896599e-01
1.896131e-01
1.895532e-01
1.894983e-01
1.894456e-01
1.893949e-01
1.893418e-01
1.892785e-01
1.892236e-01
1.891792e-01
1.891460e-01
1.891211e-01
1.890839e-01
1.890524e-01
1.890138e-01
1.889710e-01
1.889157e-01
1.888508e-01
1.887927e-01
1.887276e-01
1.886745e-01
1.886339e-01
1.885966e-01
1.885472e-01
1.884960e-01
1.884481e-01
1.883997e-01
1.883643e-01
1.883307e-01
1.882935e-01
1.882626e-01
1.882233e-01
1.881804e-01
1.881425e-01
1.881102e-01
1.880827e-01
1.880727e-01
1.880680e-01
1.880612e-01
1.880520e-01
1.880567e-01
1.880582e-01
1.880578e-01
1.880576e-01
1.880701e-01
1.880829e-01
1.880945e-01
1.881015e-01
1.881098e-01
1.881255e-01
1.881505e-01
1.881803e-01
1.882129e-01
1.882330e-01
1.882561e-01
1.882594e-01
1.882417e-01
1.882170e-01
1.881768e-01
1.881325e-01
1.880805e-01
1.880235e-01
1.879678e-01
1.879065e-01
1.878435e-01
1.877814e-01
1.877143e-01
1.876430e-01
1.875811e-01
1.875490e-01
1.875324e-01
1.875279e-01
1.875569e-01
1.875794e-01
1.875986e-01
1.876264e-01
1.876571e-01
1.876800e-01
1.876942e-01
1.876907e-01
1.876866e-01
1.876691e-01
1.876511e-01
1.876310e-01
1.876182e-01
1.876049e-01
1.875952e-01
1.876026e-01
1.876096e-01
1.876312e-01
1.876425e-01
1.876460e-01
1.876494e-01
1.876405e-01
1.876343e-01
1.876237e-01
1.876215e-01
1.876362e-01
1.876458e-01
1.876559e-01
1.876591e-01
1.876522e-01
1.876406e-01
1.876185e-01
1.875970e-01
1.875763e-01
1.875549e-01
1.875295e-01
1.875122e-01
1.875016e-01
1.874945e-01
1.874840e-01
1.874938e-01
1.875006e-01
1.875024e-01
1.874865e-01
1.874647e-01
1.874427e-01
1.874412e-01
1.874450e-01
1.874555e-01
1.874602e-01
1.874639e-01
1.874848e-01
1.875025e-01
1.875360e-01
1.875728e-01
1.876113e-01
1.876450e-01
1.876787e-01
1.877092e-01
1.877362e-01
1.877683e-01
1.878253e-01
1.878848e-01
1.879596e-01
1.880349e-01
1.881013e-01
1.881605e-01
1.882181e-01
1.882499e-01
1.882817e-01
1.883088e-01
1.883283e-01
1.883690e-01
1.883977e-01
1.884224e-01
1.884260e-01
1.884121e-01
1.883935e-01
1.883569e-01
1.883140e-01
1.882702e-01
1.882255e-01
1.881793e-01
1.881362e-01
1.881016e-01
1.880702e-01
1.880387e-01
1.880203e-01
1.879953e-01
1.879779e-01
1.879593e-01
1.879476e-01
1.879436e-01
1.879517e-01
1.879761e-01
1.880177e-01
1.880672e-01
1.881290e-01
1.882005e-01
1.882725e-01
1.883552e-01
1.884287e-01
1.885077e-01
1.885951e-01
1.886955e-01
1.887873e-01
1.888658e-01
1.889257e-01
1.889841e-01
1.890470e-01
1.891179e-01
1.892043e-01
1.893039e-01
1.894032e-01
1.894953e-01
1.895783e-01
1.896584e-01
1.897381e-01
1.898153e-01
1.898853e-01
1.899732e-01
1.900627e-01
1.901428e-01
1.902108e-01
1.902515e-01
1.902816e-01
1.902923e-01
1.902902e-01
1.902716e-01
1.902504e-01
1.902310e-01
1.902161e-01
1.901885e-01
1.901514e-01
1.901087e-01
1.900618e-01
1.900131e-01
1.899575e-01
1.898993e-01
1.898476e-01
1.897976e-01
1.897500e-01
1.897098e-01
1.897034e-01
1.897160e-01
1.897389e-01
1.897865e-01
1.898334e-01
1.898849e-01
1.899437e-01
1.900056e-01
1.900701e-01
1.901143e-01
1.901438e-01
1.901503e-01
1.901520e-01
1.901701e-01
1.901951e-01
1.902121e-01
1.902255e-01
1.902204e-01
1.902141e-01
1.901890e-01
1.901450e-01
1.901043e-01
1.900809e-01
1.900346e-01
1.899866e-01
1.899225e-01
1.898445e-01
1.897615e-01
1.896642e-01
1.895653e-01
1.894621e-01
1.893655e-01
1.892686e-01
1.891959e-01
1.891570e-01
1.891365e-01
1.891405e-01
1.891693e-01
1.892121e-01
1.892578e-01
1.893088e-01
1.893427e-01
1.893600e-01
1.893638e-01
1.893552e-01
1.893485e-01
1.893464e-01
1.893362e-01
1.893213e-01
1.893054e-01
1.892975e-01
1.893152e-01
1.893513e-01
1.893899e-01
1.894489e-01
1.895120e-01
1.895755e-01
1.896321e-01
1.896853e-01
1.897327e-01
1.897564e-01
1.897688e-01
1.897877e-01
1.898078e-01
1.898228e-01
1.898254e-01
1.898127e-01
1.897800e-01
1.897462e-01
1.897138e-01
1.897033e-01
1.896959e-01
1.896952e-01
1.896757e-01
1.896482e-01
1.896171e-01
1.895859e-01
1.895512e-01
1.895034e-01
1.894584e-01
1.894140e-01
1.893610e-01
1.893223e-01
1.892916e-01
1.892692e-01
1.892498e-01
1.892366e-01
1.892304e-01
1.892302e-01
1.892232e-01
1.892106e-01
1.891948e-01
1.891659e-01
1.891447e-01
1.891015e-01
1.890633e-01
1.890327e-01
1.890187e-01
1.890205e-01
1.890262e-01
1.890348e-01
1.890287e-01
1.890000e-01
1.889743e-01
1.889446e-01
1.889177e-01
1.889051e-01
1.888914e-01
1.888686e-01
1.888446e-01
1.888076e-01
1.887693e-01
1.887304e-01
1.886876e-01
1.886560e-01
1.886376e-01
1.886225e-01
1.886057e-01
1.885871e-01
1.885756e-01
1.885526e-01
1.885418e-01
1.885392e-01
1.885423e-01
1.885505e-01
1.885638e-01
1.885866e-01
1.886091e-01
1.886307e-01
1.886563e-01
1.886857e-01
1.887209e-01
1.887556e-01
1.887946e-01
1.888241e-01
1.888554e-01
1.888793e-01
1.889037e-01
1.889062e-01
1.889203e-01
1.889310e-01
1.889408e-01
1.889289e-01
1.889109e-01
1.888956e-01
1.888969e-01
1.889125e-01
1.889555e-01
1.890112e-01
1.890730e-01
1.891276e-01
1.891853e-01
1.892189e-01
1.892447e-01
1.892555e-01
1.892550e-01
1.892434e-01
1.892254e-01
1.891895e-01
1.891503e-01
1.890974e-01
1.890376e-01
1.889848e-01
1.889543e-01
1.889425e-01
1.889285e-01
1.889300e-01
1.889352e-01
1.889397e-01
1.889419e-01
1.889297e-01
1.888908e-01
1.888411e-01
1.887765e-01
1.887070e-01
1.886369e-01
1.885503e-01
1.884752e-01
1.883946e-01
1.883235e-01
1.882794e-01
1.882683e-01
1.882706e-01
1.882812e-01
1.882963e-01
1.883068e-01
1.883148e-01
1.883172e-01
1.883237e-01
1.883278e-01
1.883328e-01
1.883413e-01
1.883844e-01
1.884331e-01
1.884985e-01
1.885550e-01
1.886139e-01
1.886585e-01
1.887126e-01
1.887599e-01
1.887981e-01
1.888270e-01
1.888569e-01
1.888894e-01
1.889063e-01
1.889237e-01
1.889386e-01
1.889510e-01
1.889551e-01
1.889498e-01
1.889361e-01
1.889088e-01
1.888725e-01
1.888292e-01
1.887862e-01
1.887365e-01
1.886981e-01
1.886746e-01
1.886506e-01
1.886330e-01
1.886182e-01
1.885876e-01
1.885659e-01
1.885280e-01
1.884920e-01
1.884486e-01
1.884153e-01
1.883878e-01
1.883631e-01
1.883377e-01
1.883026e-01
1.882647e-01
1.882423e-01
1.882447e-01
1.882385e-01
1.882308e-01
1.882000e-01
1.881674e-01
1.881258e-01
1.880695e-01
1.879964e-01
1.879357e-01
1.878861e-01
1.878233e-01
1.877636e-01
1.877124e-01
1.876809e-01
1.876483e-01
1.876119e-01
1.875815e-01
1.875434e-01
1.875582e-01
1.875671e-01
1.875747e-01
1.875821e-01
1.876016e-01
1.876238e-01
1.876399e-01
1.876621e-01
1.876906e-01
1.877198e-01
1.877508e-01
1.877827e-01
1.878079e-01
1.878228e-01
1.878380e-01
1.878522e-01
1.878730e-01
1.878974e-01
1.879204e-01
1.879551e-01
1.880033e-01
1.880569e-01
1.881136e-01
1.881721e-01
1.882325e-01
1.882934e-01
1.883501e-01
1.884031e-01
1.884470e-01
1.884857e-01
1.885095e-01
1.885182e-01
1.885014e-01
1.884751e-01
1.884404e-01
1.884061e-01
1.883742e-01
1.883340e-01
1.882866e-01
1.882417e-01
1.881978e-01
1.881519e-01
1.881146e-01
1.880638e-01
1.880252e-01
1.879867e-01
1.879599e-01
1.879302e-01
1.879367e-01
1.879584e-01
1.879833e-01
1.880144e-01
1.880527e-01
1.880915e-01
1.881201e-01
1.881226e-01
1.881273e-01
1.881323e-01
1.881173e-01
1.880920e-01
1.880481e-01
1.879908e-01
1.879345e-01
1.878741e-01
1.878293e-01
1.877888e-01
1.877612e-01
1.877388e-01
1.877196e-01
1.877002e-01
1.876717e-01
1.876298e-01
1.875821e-01
1.875480e-01
1.875309e-01
1.875171e-01
1.875033e-01
1.874828e-01
1.874570e-01
1.874320e-01
1.874219e-01
1.874193e-01
1.874505e-01
1.874882e-01
1.875343e-01
1.876044e-01
1.876808e-01
1.877562e-01
1.878473e-01
1.879432e-01
1.880273e-01
1.880988e-01
1.881655e-01
1.882269e-01
1.882835e-01
1.883282e-01
1.883636e-01
1.883945e-01
1.884335e-01
1.884770e-01
1.885320e-01
1.886091e-01
1.887096e-01
1.888283e-01
1.889493e-01
1.890661e-01
1.891647e-01
1.892390e-01
1.892949e-01
1.893246e-01
1.893438e-01
1.893459e-01
1.893367e-01
1.893165e-01
1.892884e-01
1.892557e-01
1.892093e-01
1.891657e-01
1.891288e-01
1.890997e-01
1.890806e-01
1.890638e-01
1.890579e-01
1.890700e-01
1.891040e-01
1.891399e-01
1.891717e-01
1.891890e-01
1.892094e-01
1.892147e-01
1.892086e-01
1.892004e-01
1.891689e-01
1.891478e-01
1.891311e-01
1.891220e-01
1.891269e-01
1.891218e-01
1.891128e-01
1.891075e-01
1.891117e-01
1.891097e-01
1.891125e-01
1.891175e-01
1.891321e-01
1.891424e-01
1.891540e-01
1.891729e-01
1.892001e-01
1.892408e-01
1.892816e-01
1.893230e-01
1.893699e-01
1.894021e-01
1.894224e-01
1.894278e-01
1.894428e-01
1.894707e-01
1.895118e-01
1.895542e-01
1.895917e-01
1.896304e-01
1.896757e-01
1.897090e-01
1.897447e-01
1.897748e-01
1.897987e-01
1.898174e-01
1.898440e-01
1.898854e-01
1.899394e-01
1.899870e-01
1.900088e-01
1.900046e-01
1.899836e-01
1.899419e-01
1.898904e-01
1.898336e-01
1.897734e-01
1.897168e-01
1.896649e-01
1.896085e-01
1.895464e-01
1.894766e-01
1.893936e-01
1.893056e-01
1.892035e-01
1.890990e-01
1.889710e-01
1.888331e-01
1.886841e-01
1.885454e-01
1.884161e-01
1.883023e-01
1.881882e-01
1.880891e-01
1.879735e-01
1.878537e-01
1.877487e-01
1.876378e-01
1.875508e-01
1.874723e-01
1.874135e-01
1.873570e-01
1.873166e-01
1.872748e-01
1.872367e-01
1.871791e-01
1.871158e-01
1.870636e-01
1.870070e-01
1.869450e-01
1.868822e-01
1.868340e-01
1.867928e-01
1.867609e-01
1.867641e-01
1.867761e-01
1.867774e-01
1.867986e-01
1.868126e-01
1.868366e-01
1.868560e-01
1.868675e-01
1.868808e-01
1.869406e-01
1.869998e-01
1.870551e-01
1.870987e-01
1.871383e-01
1.871659e-01
1.871854e-01
1.872010e-01
1.872297e-01
1.872656e-01
1.873111e-01
1.873497e-01
1.873896e-01
1.874408e-01
1.874891e-01
1.875281e-01
1.875658e-01
1.876092e-01
1.876784e-01
1.877195e-01
1.877624e-01
1.878018e-01
1.878311e-01
1.878493e-01
1.878420e-01
1.878155e-01
1.877838e-01
1.877507e-01
1.877136e-01
1.876826e-01
1.876520e-01
1.876409e-01
1.876232e-01
1.876171e-01
1.876096e-01
1.876063e-01
1.875984e-01
1.875881e-01
1.875802e-01
1.875707e-01
1.875664e-01
1.875652e-01
1.875671e-01
1.875626e-01
1.875504e-01
1.875306e-01
1.875034e-01
1.874835e-01
1.874567e-01
1.874521e-01
1.874626e-01
1.874773e-01
1.875017e-01
1.875074e-01
1.875058e-01
1.874605e-01
1.873849e-01
1.872724e-01
1.871574e-01
1.870401e-01
1.869238e-01
1.867930e-01
1.866882e-01
1.865756e-01
1.864899e-01
1.864120e-01
1.863290e-01
1.862536e-01
1.862004e-01
1.861452e-01
1.860960e-01
1.860351e-01
1.859983e-01
1.859555e-01
1.859080e-01
1.858950e-01
1.858902e-01
1.858908e-01
1.859293e-01
1.859813e-01
1.860161e-01
1.860623e-01
1.860901e-01
1.861312e-01
1.861570e-01
1.861774e-01
1.861864e-01
1.862054e-01
1.862168e-01
1.862357e-01
1.862493e-01
1.862419e-01
1.862306e-01
1.862222e-01
1.862169e-01
1.862138e-01
1.861986e-01
1.861848e-01
1.861798e-01
1.861862e-01
1.862075e-01
1.862506e-01
1.863213e-01
1.864051e-01
1.864834e-01
1.865658e-01
1.866447e-01
1.867194e-01
1.867951e-01
1.868651e-01
1.869123e-01
1.869546e-01
1.870068e-01
1.870551e-01
1.871027e-01
1.871387e-01
1.871616e-01
1.871816e-01
1.872014e-01
1.872193e-01
1.872284e-01
1.872340e-01
1.872250e-01
1.871957e-01
1.871485e-01
1.870961e-01
1.870208e-01
1.869483e-01
1.868729e-01
1.868044e-01
1.867543e-01
1.866925e-01
1.866652e-01
1.866337e-01
1.866167e-01
1.866399e-01
1.866914e-01
1.867719e-01
1.868469e-01
1.869135e-01
1.869674e-01
1.870172e-01
1.870568e-01
1.870913e-01
1.871330e-01
1.871616e-01
1.871902e-01
1.872225e-01
1.872489e-01
1.872788e-01
1.873133e-01
1.873446e-01
1.873548e-01
1.873610e-01
1.873722e-01
1.873735e-01
1.873862e-01
1.873835e-01
1.873782e-01
1.873636e-01
1.873593e-01
1.873660e-01
1.874183e-01
1.874922e-01
1.875896e-01
1.876950e-01
1.878136e-01
1.879357e-01
1.880579e-01
1.881796e-01
1.882841e-01
1.883773e-01
1.884497e-01
1.884986e-01
1.885238e-01
1.885395e-01
1.885429e-01
1.885447e-01
1.885329e-01
1.885364e-01
1.885291e-01
1.885169e-01
1.884815e-01
1.884322e-01
1.883663e-01
1.882758e-01
1.881676e-01
1.880696e-01
1.879769e-01
1.878867e-01
1.878108e-01
1.877438e-01
1.876775e-01
1.876072e-01
1.875369e-01
1.874594e-01
1.873957e-01
1.873284e-01
1.872774e-01
1.872134e-01
1.871394e-01
1.870712e-01
1.870073e-01
1.869806e-01
1.869760e-01
1.869843e-01
1.870218e-01
1.870595e-01
1.871068e-01
1.871495e-01
1.872009e-01
1.872359e-01
1.872889e-01
1.873438e-01
1.873886e-01
1.874610e-01
1.874538e-01
1.874463e-01
1.874269e-01
1.873792e-01
1.873278e-01
1.872788e-01
1.872277e-01
1.871575e-01
1.870928e-01
1.870359e-01
1.869850e-01
1.869284e-01
1.868741e-01
1.868222e-01
1.867769e-01
1.867461e-01
1.867219e-01
1.866895e-01
1.866476e-01
1.866111e-01
1.865532e-01
1.865021e-01
1.864599e-01
1.864095e-01
1.863603e-01
1.862977e-01
1.862454e-01
1.861996e-01
1.861468e-01
1.860946e-01
1.860397e-01
1.859849e-01
1.859248e-01
1.858739e-01
1.858206e-01
1.857810e-01
1.857491e-01
1.857408e-01
1.857608e-01
1.857939e-01
1.858425e-01
1.858856e-01
1.859197e-01
1.859474e-01
1.859621e-01
1.859728e-01
1.860247e-01
1.860815e-01
1.861353e-01
1.861723e-01
1.862232e-01
1.862683e-01
1.863009e-01
1.863329e-01
1.863779e-01
1.864340e-01
1.864927e-01
1.865641e-01
1.866335e-01
1.866977e-01
1.867545e-01
1.868074e-01
1.868583e-01
1.869244e-01
1.869938e-01
1.870825e-01
1.871568e-01
1.872395e-01
1.873198e-01
1.874034e-01
1.875064e-01
1.876064e-01
1.877111e-01
1.878181e-01
1.879244e-01
1.880197e-01
1.881030e-01
1.881628e-01
1.881945e-01
1.882043e-01
1.881973e-01
1.881714e-01
1.881530e-01
1.881151e-01
1.880715e-01
1.880291e-01
1.879764e-01
1.879176e-01
1.878642e-01
1.878241e-01
1.878113e-01
1.878043e-01
1.877987e-01
1.878084e-01
1.878220e-01
1.878392e-01
1.878679e-01
1.879036e-01
1.879529e-01
1.879923e-01
1.880169e-01
1.880301e-01
1.880215e-01
1.879843e-01
1.879417e-01
1.879041e-01
1.878756e-01
1.878632e-01
1.878550e-01
1.878484e-01
1.878458e-01
1.878450e-01
1.878403e-01
1.878450e-01
1.878534e-01
1.878598e-01
1.878664e-01
1.878756e-01
1.878891e-01
1.879036e-01
1.879182e-01
1.879234e-01
1.879309e-01
1.879181e-01
1.878865e-01
1.878616e-01
1.878389e-01
1.878212e-01
1.878010e-01
1.877850e-01
1.877866e-01
1.877934e-01
1.878218e-01
1.878659e-01
1.879176e-01
1.879711e-01
1.880160e-01
1.880666e-01
1.881148e-01
1.881610e-01
1.881888e-01
1.882068e-01
1.882119e-01
1.882137e-01
1.882006e-01
1.881772e-01
1.881457e-01
1.881023e-01
1.880565e-01
1.880030e-01
1.879405e-01
1.878847e-01
1.878358e-01
1.877896e-01
1.877512e-01
1.877298e-01
1.877327e-01
1.877550e-01
1.877945e-01
1.878435e-01
1.878903e-01
1.879227e-01
1.879471e-01
1.879571e-01
1.879642e-01
1.879638e-01
1.879606e-01
1.879526e-01
1.879305e-01
1.879093e-01
1.878745e-01
1.878490e-01
1.878275e-01
1.878060e-01
1.877951e-01
1.877825e-01
1.877946e-01
1.878051e-01
1.878097e-01
1.878002e-01
1.877762e-01
1.877410e-01
1.876999e-01
1.876622e-01
1.876485e-01
1.876561e-01
1.876698e-01
1.876942e-01
1.877156e-01
1.877389e-01
1.877612e-01
1.877837e-01
1.878010e-01
1.878214e-01
1.878472e-01
1.878713e-01
1.878946e-01
1.879366e-01
1.879798e-01
1.880498e-01
1.881277e-01
1.882186e-01
1.883047e-01
1.883910e-01
1.884702e-01
1.885363e-01
1.885961e-01
1.886536e-01
1.887107e-01
1.887642e-01
1.888269e-01
1.888998e-01
1.889876e-01
1.890759e-01
1.891539e-01
1.892212e-01
1.892722e-01
1.893091e-01
1.893440e-01
1.893732e-01
1.894187e-01
1.894717e-01
1.895098e-01
1.895435e-01
1.895572e-01
1.895716e-01
1.895649e-01
1.895468e-01
1.895049e-01
1.894352e-01
1.893523e-01
1.892685e-01
1.891867e-01
1.891208e-01
1.890584e-01
1.890190e-01
1.889866e-01
1.889585e-01
1.889429e-01
1.889383e-01
1.889463e-01
1.889753e-01
1.890040e-01
1.890502e-01
1.891150e-01
1.891638e-01
1.892151e-01
1.892687e-01
1.893082e-01
1.893441e-01
1.893877e-01
1.894213e-01
1.894542e-01
1.894796e-01
1.894785e-01
1.894589e-01
1.894151e-01
1.893560e-01
1.892859e-01
1.892127e-01
1.891421e-01
1.890799e-01
1.890141e-01
1.889594e-01
1.889113e-01
1.888610e-01
1.888295e-01
1.888066e-01
1.887941e-01
1.887878e-01
1.887984e-01
1.888003e-01
1.887924e-01
1.887859e-01
1.887681e-01
1.887507e-01
1.887219e-01
1.886977e-01
1.886604e-01
1.886233e-01
1.885840e-01
1.885546e-01
1.885150e-01
1.884742e-01
1.884409e-01
1.884235e-01
1.884189e-01
1.884381e-01
1.884721e-01
1.885167e-01
1.885713e-01
1.886322e-01
1.886938e-01
1.887517e-01
1.888077e-01
1.888464e-01
1.888689e-01
1.888760e-01
1.888715e-01
1.888579e-01
1.888533e-01
1.888655e-01
1.888987e-01
1.889503e-01
1.890117e-01
1.890529e-01
1.890792e-01
1.890912e-01
1.890865e-01
1.890671e-01
1.890283e-01
1.889859e-01
1.889387e-01
1.888975e-01
1.888430e-01
1.887882e-01
1.887383e-01
1.886858e-01
1.886245e-01
1.885644e-01
1.884937e-01
1.884291e-01
1.883609e-01
1.882953e-01
1.882318e-01
1.881919e-01
1.881771e-01
1.881744e-01
1.881932e-01
1.882275e-01
1.882780e-01
1.883422e-01
1.883989e-01
1.884481e-01
1.884967e-01
1.885231e-01
1.885489e-01
1.885667e-01
1.885857e-01
1.885965e-01
1.886092e-01
1.886186e-01
1.886125e-01
1.885846e-01
1.885501e-01
1.884851e-01
1.884204e-01
1.883474e-01
1.882721e-01
1.882062e-01
1.881449e-01
1.881021e-01
1.880742e-01
1.880668e-01
1.880731e-01
1.880906e-01
1.880982e-01
1.881097e-01
1.881091e-01
1.881096e-01
1.881163e-01
1.881278e-01
1.881470e-01
1.881699e-01
1.881975e-01
1.882212e-01
1.882303e-01
1.882285e-01
1.882196e-01
1.882083e-01
1.882054e-01
1.882065e-01
1.882082e-01
1.882187e-01
1.882238e-01
1.882287e-01
1.882323e-01
1.882358e-01
1.882440e-01
1.882506e-01
1.882638e-01
1.882727e-01
1.882825e-01
1.882907e-01
1.882917e-01
1.883217e-01
1.883512e-01
1.883807e-01
1.884109e-01
1.884353e-01
1.884609e-01
1.884783e-01
1.884854e-01
1.884928e-01
1.885055e-01
1.885260e-01
1.885314e-01
1.885213e-01
1.884943e-01
1.884507e-01
1.883998e-01
1.883254e-01
1.882419e-01
1.881630e-01
1.880981e-01
1.880385e-01
1.880142e-01
1.880044e-01
1.880299e-01
1.880937e-01
1.881777e-01
1.882775e-01
1.883891e-01
1.885170e-01
1.886509e-01
1.887747e-01
1.888860e-01
1.889705e-01
1.890363e-01
1.890798e-01
1.890930e-01
1.890967e-01
1.890740e-01
1.890332e-01
1.889824e-01
1.889165e-01
1.888426e-01
1.887763e-01
1.887047e-01
1.886385e-01
1.885758e-01
1.885141e-01
1.884694e-01
1.884204e-01
1.883901e-01
1.883778e-01
1.883757e-01
1.883830e-01
1.883865e-01
1.884078e-01
1.884216e-01
1.884216e-01
1.884032e-01
1.883790e-01
1.883666e-01
1.883497e-01
1.883412e-01
1.883357e-01
1.883241e-01
1.883105e-01
1.882998e-01
1.882858e-01
1.882828e-01
1.882959e-01
1.883004e-01
1.882946e-01
1.882861e-01
1.882669e-01
1.882398e-01
1.882121e-01
1.881678e-01
1.881319e-01
1.880931e-01
1.880369e-01
1.879711e-01
1.878916e-01
1.878093e-01
1.877330e-01
1.876662e-01
1.876226e-01
1.875929e-01
1.875716e-01
1.875657e-01
1.875610e-01
1.875565e-01
1.875582e-01
1.875531e-01
1.875455e-01
1.875534e-01
1.875549e-01
1.875637e-01
1.875759e-01
1.875764e-01
1.875672e-01
1.875427e-01
1.875133e-01
1.874849e-01
1.874636e-01
1.874693e-01
1.874781e-01
1.875001e-01
1.875495e-01
1.875993e-01
1.876680e-01
1.877462e-01
1.878428e-01
1.879429e-01
1.880389e-01
1.881269e-01
1.882136e-01
1.882863e-01
1.883587e-01
1.884332e-01
1.884711e-01
1.885057e-01
1.885181e-01
1.885219e-01
1.885300e-01
1.885278e-01
1.885343e-01
1.885423e-01
1.885667e-01
1.885990e-01
1.886525e-01
1.887278e-01
1.888325e-01
1.889280e-01
1.890326e-01
1.891210e-01
1.892122e-01
1.892826e-01
1.893477e-01
1.894108e-01
1.894726e-01
1.895281e-01
1.896081e-01
1.896884e-01
1.897690e-01
1.898525e-01
1.899424e-01
1.900304e-01
1.901206e-01
1.901818e-01
1.902287e-01
1.902415e-01
1.902334e-01
1.902062e-01
1.901724e-01
1.901298e-01
1.900895e-01
1.900223e-01
1.899525e-01
1.898820e-01
1.898093e-01
1.897533e-01
1.896630e-01
1.895872e-01
1.895047e-01
1.894207e-01
1.893273e-01
1.892514e-01
1.891827e-01
1.891171e-01
1.890662e-01
1.890413e-01
1.890429e-01
1.890563e-01
1.890792e-01
1.890718e-01
1.890732e-01
1.890646e-01
1.890370e-01
1.890018e-01
1.889691e-01
1.889482e-01
1.889265e-01
1.889131e-01
1.888882e-01
1.888602e-01
1.888497e-01
1.888310e-01
1.888073e-01
1.887743e-01
1.887274e-01
1.886677e-01
1.885975e-01
1.885176e-01
1.884271e-01
1.883426e-01
1.882580e-01
1.881763e-01
1.880968e-01
1.880160e-01
1.879325e-01
1.878529e-01
1.877677e-01
1.876885e-01
1.876263e-01
1.875886e-01
1.875627e-01
1.875546e-01
1.875695e-01
1.875789e-01
1.875898e-01
1.876131e-01
1.876295e-01
1.876506e-01
1.876754e-01
1.876907e-01
1.876912e-01
1.876702e-01
1.876205e-01
1.875635e-01
1.874984e-01
1.874383e-01
1.873653e-01
1.872923e-01
1.872257e-01
1.871482e-01
1.870698e-01
1.869937e-01
1.869307e-01
1.868996e-01
1.868804e-01
1.868956e-01
1.869455e-01
1.870174e-01
1.871068e-01
1.871948e-01
1.872849e-01
1.873577e-01
1.874236e-01
1.874724e-01
1.875146e-01
1.875502e-01
1.875647e-01
1.875682e-01
1.875590e-01
1.875465e-01
1.875332e-01
1.875192e-01
1.875121e-01
1.875083e-01
1.875307e-01
1.875773e-01
1.876285e-01
1.876848e-01
1.877463e-01
1.878168e-01
1.878970e-01
1.879684e-01
1.880326e-01
1.880921e-01
1.881485e-01
1.881850e-01
1.882001e-01
1.882133e-01
1.882160e-01
1.881963e-01
1.881710e-01
1.881503e-01
1.881336e-01
1.881280e-01
1.881262e-01
1.881302e-01
1.881421e-01
1.881706e-01
1.882096e-01
1.882502e-01
1.882913e-01
1.883436e-01
1.883927e-01
1.884314e-01
1.884770e-01
1.885167e-01
1.885458e-01
1.885694e-01
1.886074e-01
1.886568e-01
1.887378e-01
1.888373e-01
1.889652e-01
1.891136e-01
1.892531e-01
1.893811e-01
1.894892e-01
1.895668e-01
1.896077e-01
1.896082e-01
1.895918e-01
1.895656e-01
1.895303e-01
1.894897e-01
1.894463e-01
1.894189e-01
1.893901e-01
1.893537e-01
1.893267e-01
1.892777e-01
1.892259e-01
1.891821e-01
1.891367e-01
1.890842e-01
1.890284e-01
1.889704e-01
1.889206e-01
1.888674e-01
1.888108e-01
1.887546e-01
1.887016e-01
1.886624e-01
1.886219e-01
1.885841e-01
1.885510e-01
1.885129e-01
1.884761e-01
1.884427e-01
1.884018e-01
1.883651e-01
1.883350e-01
1.883066e-01
1.882731e-01
1.882434e-01
1.882316e-01
1.882306e-01
1.882519e-01
1.882867e-01
1.883418e-01
1.884177e-01
1.884999e-01
1.886029e-01
1.886957e-01
1.887871e-01
1.888661e-01
1.889309e-01
1.889814e-01
1.890158e-01
1.890257e-01
1.890221e-01
1.890071e-01
1.889945e-01
1.889861e-01
1.889855e-01
1.889785e-01
1.889568e-01
1.889204e-01
1.888944e-01
1.888533e-01
1.888307e-01
1.888110e-01
1.887925e-01
1.887649e-01
1.887421e-01
1.887334e-01
1.887249e-01
1.887261e-01
1.887323e-01
1.887416e-01
1.887600e-01
1.888020e-01
1.888585e-01
1.889227e-01
1.889925e-01
1.890438e-01
1.890884e-01
1.891340e-01
1.891765e-01
1.892117e-01
1.892451e-01
1.892638e-01
1.892790e-01
1.892999e-01
1.893227e-01
1.893382e-01
1.893398e-01
1.893426e-01
1.893360e-01
1.893288e-01
1.893371e-01
1.893552e-01
1.893698e-01
1.893957e-01
1.894232e-01
1.894429e-01
1.894464e-01
1.894346e-01
1.894161e-01
1.893940e-01
1.893727e-01
1.893659e-01
1.893734e-01
1.893919e-01
1.894122e-01
1.894424e-01
1.894692e-01
1.894997e-01
1.895173e-01
1.895329e-01
1.895422e-01
1.895372e-01
1.895394e-01
1.895334e-01
1.895218e-01
1.894961e-01
1.894802e-01
1.894452e-01
1.894030e-01
1.893466e-01
1.892897e-01
1.892304e-01
1.891592e-01
1.890998e-01
1.890516e-01
1.890168e-01
1.890044e-01
1.890048e-01
1.890175e-01
1.890459e-01
1.890951e-01
1.891463e-01
1.892041e-01
1.892502e-01
1.893014e-01
1.893405e-01
1.893889e-01
1.894222e-01
1.894633e-01
1.895248e-01
1.895641e-01
1.895786e-01
1.895859e-01
1.895716e-01
1.895424e-01
1.895062e-01
1.894660e-01
1.894114e-01
1.893421e-01
1.892607e-01
1.891707e-01
1.890831e-01
1.890073e-01
1.889362e-01
1.888793e-01
1.888334e-01
1.887961e-01
1.887751e-01
1.887674e-01
1.887858e-01
1.888301e-01
1.888956e-01
1.889839e-01
1.890601e-01
1.891525e-01
1.892439e-01
1.893294e-01
1.894077e-01
1.895000e-01
1.895746e-01
1.896540e-01
1.897306e-01
1.898029e-01
1.898715e-01
1.899267e-01
1.899647e-01
1.899678e-01
1.899493e-01
1.899095e-01
1.898697e-01
1.898207e-01
1.897691e-01
1.897207e-01
1.896783e-01
1.896231e-01
1.895736e-01
1.895241e-01
1.894597e-01
1.893949e-01
1.893202e-01
1.892455e-01
1.891641e-01
1.890825e-01
1.889928e-01
1.889007e-01
1.888184e-01
1.887510e-01
1.887110e-01
1.886634e-01
1.886374e-01
1.886073e-01
1.885883e-01
1.885796e-01
1.885697e-01
1.885506e-01
1.885362e-01
1.885202e-01
1.885068e-01
1.884784e-01
1.884361e-01
1.883779e-01
1.883078e-01
1.882420e-01
1.881859e-01
1.881502e-01
1.881167e-01
1.880866e-01
1.880665e-01
1.880414e-01
1.879987e-01
1.879585e-01
1.879145e-01
1.878932e-01
1.878816e-01
1.878697e-01
1.878666e-01
1.878637e-01
1.878690e-01
1.878734e-01
1.878658e-01
1.878644e-01
1.878472e-01
1.878319e-01
1.878106e-01
1.878055e-01
1.878084e-01
1.878086e-01
1.878225e-01
1.878461e-01
1.878977e-01
1.879578e-01
1.880361e-01
1.881211e-01
1.881952e-01
1.882767e-01
1.883614e-01
1.884629e-01
1.885671e-01
1.886724e-01
1.887595e-01
1.888470e-01
1.889351e-01
1.889983e-01
1.890512e-01
1.890934e-01
1.891380e-01
1.891847e-01
1.892394e-01
1.892856e-01
1.893152e-01
1.893352e-01
1.893512e-01
1.893678e-01
1.893889e-01
1.894213e-01
1.894482e-01
1.894724e-01
1.895062e-01
1.895332e-01
1.895615e-01
1.895623e-01
1.895594e-01
1.895381e-01
1.894968e-01
1.894232e-01
1.893345e-01
1.892272e-01
1.891217e-01
1.890111e-01
1.889152e-01
1.888265e-01
1.887677e-01
1.887337e-01
1.887216e-01
1.887227e-01
1.887143e-01
1.887010e-01
1.886840e-01
1.886567e-01
1.886328e-01
1.885958e-01
1.885477e-01
1.884959e-01
1.884248e-01
1.883311e-01
1.882114e-01
1.881005e-01
1.879870e-01
1.878733e-01
1.877621e-01
1.876632e-01
1.875759e-01
1.875060e-01
1.874565e-01
1.874309e-01
1.874083e-01
1.874109e-01
1.874146e-01
1.874211e-01
1.874240e-01
1.874152e-01
1.874135e-01
1.874006e-01
1.873856e-01
1.873652e-01
1.873447e-01
1.873269e-01
1.873108e-01
1.872862e-01
1.872510e-01
1.872147e-01
1.872000e-01
1.871890e-01
1.871822e-01
1.871741e-01
1.871795e-01
1.871828e-01
1.871868e-01
1.872122e-01
1.872611e-01
1.873510e-01
1.874638e-01
1.875907e-01
1.877319e-01
1.878844e-01
1.880280e-01
1.881730e-01
1.883084e-01
1.884537e-01
1.886095e-01
1.887605e-01
1.889138e-01
1.890603e-01
1.892065e-01
1.893396e-01
1.894621e-01
1.895628e-01
1.896430e-01
1.896948e-01
1.897512e-01
1.897966e-01
1.898425e-01
1.898841e-01
1.899290e-01
1.899688e-01
1.900095e-01
1.900428e-01
1.900750e-01
1.900884e-01
1.900951e-01
1.900849e-01
1.900597e-01
1.900242e-01
1.899885e-01
1.899381e-01
1.898830e-01
1.898281e-01
1.897754e-01
1.897247e-01
1.896597e-01
1.895857e-01
1.895094e-01
1.894323e-01
1.893744e-01
1.893107e-01
1.892107e-01
1.890982e-01
1.889750e-01
1.888626e-01
1.887534e-01
1.886466e-01
1.885435e-01
1.884346e-01
1.883221e-01
1.882214e-01
1.881227e-01
1.880319e-01
1.879442e-01
1.878675e-01
1.878035e-01
1.877641e-01
1.877245e-01
1.877086e-01
1.877096e-01
1.877274e-01
1.877403e-01
1.877677e-01
1.878017e-01
1.878330e-01
1.878793e-01
1.879375e-01
1.880026e-01
1.880720e-01
1.881320e-01
1.881834e-01
1.882212e-01
1.882487e-01
1.882713e-01
1.882937e-01
1.883142e-01
1.883436e-01
1.883663e-01
1.883954e-01
1.884226e-01
1.884575e-01
1.884929e-01
1.885401e-01
1.885808e-01
1.886072e-01
1.886325e-01
1.886358e-01
1.886218e-01
1.885933e-01
1.885650e-01
1.885294e-01
1.884948e-01
1.884724e-01
1.884475e-01
1.884150e-01
1.883724e-01
1.883262e-01
1.882564e-01
1.881738e-01
1.880866e-01
1.879977e-01
1.879106e-01
1.878343e-01
1.877468e-01
1.876469e-01
1.875421e-01
1.874375e-01
1.873410e-01
1.872490e-01
1.871701e-01
1.870990e-01
1.870387e-01
1.869909e-01
1.869498e-01
1.869170e-01
1.868886e-01
1.868698e-01
1.868594e-01
1.868365e-01
1.868347e-01
1.868423e-01
1.868283e-01
1.868163e-01
1.868291e-01
1.868595e-01
1.869312e-01
1.870143e-01
1.871023e-01
1.871857e-01
1.872816e-01
1.873794e-01
1.874778e-01
1.875766e-01
1.876734e-01
1.877611e-01
1.878456e-01
1.879196e-01
1.879638e-01
1.880188e-01
1.880340e-01
1.881057e-01
1.881709e-01
1.882456e-01
1.883343e-01
1.884278e-01
1.885301e-01
1.886404e-01
1.887651e-01
1.888882e-01
1.890152e-01
1.891423e-01
1.892761e-01
1.894102e-01
1.895355e-01
1.896453e-01
1.897309e-01
1.897938e-01
1.898413e-01
1.898804e-01
1.899106e-01
1.899342e-01
1.899569e-01
1.899701e-01
1.899737e-01
1.899789e-01
1.899703e-01
1.899628e-01
1.899483e-01
1.899180e-01
1.898739e-01
1.898008e-01
1.897178e-01
1.896204e-01
1.895142e-01
1.894080e-01
1.892979e-01
1.891965e-01
1.891075e-01
1.890233e-01
1.889564e-01
1.888831e-01
1.888137e-01
1.887467e-01
1.886793e-01
1.886241e-01
1.885630e-01
1.884873e-01
1.884121e-01
1.883214e-01
1.882473e-01
1.881844e-01
1.881448e-01
1.881218e-01
1.880964e-01
1.880823e-01
1.880734e-01
1.880717e-01
1.880737e-01
1.880881e-01
1.881255e-01
1.881730e-01
1.882380e-01
1.883103e-01
1.883889e-01
1.884558e-01
1.885062e-01
1.885454e-01
1.885566e-01
1.885532e-01
1.885351e-01
1.885127e-01
1.884898e-01
1.884883e-01
1.885056e-01
1.885211e-01
1.885551e-01
1.885810e-01
1.886104e-01
1.886317e-01
1.886413e-01
1.886542e-01
1.886719e-01
1.886943e-01
1.887139e-01
1.887530e-01
1.888007e-01
1.888717e-01
1.889728e-01
1.890835e-01
1.892046e-01
1.893087e-01
1.893971e-01
1.894452e-01
1.894654e-01
1.894695e-01
1.894610e-01
1.894370e-01
1.893910e-01
1.893409e-01
1.892888e-01
1.892343e-01
1.891931e-01
1.891608e-01
1.891379e-01
1.891297e-01
1.891307e-01
1.891336e-01
1.891276e-01
1.891147e-01
1.890921e-01
1.890662e-01
1.890394e-01
1.889914e-01
1.889299e-01
1.888624e-01
1.887843e-01
1.887024e-01
1.886228e-01
1.885468e-01
1.884912e-01
1.884375e-01
1.883832e-01
1.883021e-01
1.882207e-01
1.881160e-01
1.880337e-01
1.879465e-01
1.878796e-01
1.878118e-01
1.877582e-01
1.876836e-01
1.876327e-01
1.875866e-01
1.875488e-01
1.875197e-01
1.874996e-01
1.874897e-01
1.874696e-01
1.874662e-01
1.874643e-01
1.874740e-01
1.874953e-01
1.875151e-01
1.875311e-01
1.875598e-01
1.876024e-01
1.876816e-01
1.877786e-01
1.878746e-01
1.879790e-01
1.880864e-01
1.881973e-01
1.883254e-01
1.884462e-01
1.885689e-01
1.886789e-01
1.887839e-01
1.888776e-01
1.889445e-01
1.889958e-01
1.890220e-01
1.890423e-01
1.890683e-01
1.890818e-01
1.890831e-01
1.890913e-01
1.890938e-01
1.890907e-01
1.890813e-01
1.890581e-01
1.890335e-01
1.889995e-01
1.889571e-01
1.889165e-01
1.888682e-01
1.888213e-01
1.887533e-01
1.886911e-01
1.886283e-01
1.885682e-01
1.885241e-01
1.885114e-01
1.885248e-01
1.885434e-01
1.885827e-01
1.886273e-01
1.886661e-01
1.886961e-01
1.887131e-01
1.887235e-01
1.887186e-01
1.887349e-01
1.887371e-01
1.887392e-01
1.887532e-01
1.887866e-01
1.888249e-01
1.888661e-01
1.889044e-01
1.889338e-01
1.889590e-01
1.889834e-01
1.890039e-01
1.890725e-01
1.891506e-01
1.892408e-01
1.893362e-01
1.894349e-01
1.895430e-01
1.896555e-01
1.897523e-01
1.898436e-01
1.899300e-01
1.900098e-01
1.900706e-01
1.901283e-01
1.901861e-01
1.902256e-01
1.902604e-01
1.902962e-01
1.903466e-01
1.903819e-01
1.904240e-01
1.904662e-01
1.904977e-01
1.905192e-01
1.905353e-01
1.905401e-01
1.905395e-01
1.905386e-01
1.905324e-01
1.905104e-01
1.904635e-01
1.904078e-01
1.903538e-01
1.903106e-01
1.902828e-01
1.902774e-01
1.902746e-01
1.902783e-01
1.902706e-01
1.902423e-01
1.902209e-01
1.901801e-01
1.901412e-01
1.900756e-01
1.900175e-01
1.899637e-01
1.899104e-01
1.898829e-01
1.898669e-01
1.898574e-01
1.898242e-01
1.897907e-01
1.897613e-01
1.897272e-01
1.897036e-01
1.896827e-01
1.896665e-01
1.896668e-01
1.896873e-01
1.897254e-01
1.898275e-01
1.899501e-01
1.900747e-01
1.902091e-01
1.903177e-01
1.903964e-01
1.904487e-01
1.904637e-01
1.904561e-01
1.904142e-01
1.903478e-01
1.902662e-01
1.901768e-01
1.900942e-01
1.900049e-01
1.899356e-01
1.898586e-01
1.897663e-01
1.896589e-01
1.895574e-01
1.894486e-01
1.893675e-01
1.893089e-01
1.892618e-01
1.892171e-01
1.891951e-01
1.891911e-01
1.892001e-01
1.892138e-01
1.892278e-01
1.892267e-01
1.892198e-01
1.892051e-01
1.891789e-01
1.891475e-01
1.891000e-01
1.890628e-01
1.890367e-01
1.890222e-01
1.890005e-01
1.890102e-01
1.890289e-01
1.890388e-01
1.890508e-01
1.890646e-01
1.890725e-01
1.890704e-01
1.890710e-01
1.890676e-01
1.890657e-01
1.890504e-01
1.890167e-01
1.889906e-01
1.889514e-01
1.888981e-01
1.888327e-01
1.887555e-01
1.886710e-01
1.885863e-01
1.884994e-01
1.884118e-01
1.883344e-01
1.882606e-01
1.881891e-01
1.881217e-01
1.880486e-01
1.879751e-01
1.878981e-01
1.878351e-01
1.877630e-01
1.876975e-01
1.876262e-01
1.875628e-01
1.874914e-01
1.874261e-01
1.873670e-01
1.872868e-01
1.872077e-01
1.871159e-01
1.870165e-01
1.869283e-01
1.868597e-01
1.867919e-01
1.867293e-01
1.866653e-01
1.866201e-01
1.865916e-01
1.865810e-01
1.865710e-01
1.865751e-01
1.865840e-01
1.866034e-01
1.866064e-01
1.866149e-01
1.866231e-01
1.866126e-01
1.866014e-01
1.865926e-01
1.865937e-01
1.866212e-01
1.866618e-01
1.867195e-01
1.868007e-01
1.868855e-01
1.869713e-01
1.870493e-01
1.871255e-01
1.871984e-01
1.872640e-01
1.873078e-01
1.873633e-01
1.874280e-01
1.874908e-01
1.875610e-01
1.876302e-01
1.876908e-01
1.877415e-01
1.877932e-01
1.878503e-01
1.879149e-01
1.879961e-01
1.880912e-01
1.881958e-01
1.882821e-01
