2.348417e-01
2.348871e-01
2.349070e-01
2.349622e-01
2.350314e-01
2.350975e-01
2.351703e-01
2.352173e-01
2.353023e-01
2.353635e-01
2.354325e-01
2.354952e-01
2.355543e-01
2.355858e-01
2.356327e-01
2.357491e-01
2.359504e-01
2.361084e-01
2.362172e-01
2.362488e-01
2.362414e-01
2.362383e-01
2.363580e-01
2.364474e-01
2.364871e-01
2.365001e-01
2.364945e-01
2.365556e-01
2.366084e-01
2.366532e-01
2.367097e-01
2.367282e-01
2.366649e-01
2.366034e-01
2.365526e-01
2.365127e-01
2.365419e-01
2.366390e-01
2.367352e-01
2.366741e-01
2.366644e-01
2.366111e-01
2.365785e-01
2.365991e-01
2.366784e-01
2.368000e-01
2.368467e-01
2.368632e-01
2.368497e-01
2.368608e-01
2.368284e-01
2.368546e-01
2.368158e-01
2.367600e-01
2.366511e-01
2.366181e-01
2.366119e-01
2.366671e-01
2.366817e-01
2.366513e-01
2.366136e-01
2.365106e-01
2.364104e-01
2.362617e-01
2.360876e-01
2.359307e-01
2.358168e-01
2.357169e-01
2.356592e-01
2.356801e-01
2.356464e-01
2.356016e-01
2.356140e-01
2.355669e-01
2.355397e-01
2.354784e-01
2.354531e-01
2.354496e-01
2.354500e-01
2.354123e-01
2.353800e-01
2.353722e-01
2.353476e-01
2.353331e-01
2.353008e-01
2.352784e-01
2.352306e-01
2.352430e-01
2.352972e-01
2.354165e-01
2.355383e-01
2.356472e-01
2.357818e-01
2.359040e-01
2.360045e-01
2.361221e-01
2.361509e-01
2.361148e-01
2.360491e-01
2.360110e-01
2.359698e-01
2.360143e-01
2.360063e-01
2.359158e-01
2.357427e-01
2.354803e-01
2.354610e-01
2.354070e-01
2.353592e-01
2.352736e-01
2.351780e-01
2.350946e-01
2.349909e-01
2.349502e-01
2.349122e-01
2.347704e-01
2.346973e-01
2.345938e-01
2.346028e-01
2.345488e-01
2.345559e-01
2.345819e-01
2.346131e-01
2.346177e-01
2.346109e-01
2.346751e-01
2.347511e-01
2.348275e-01
2.348480e-01
2.348807e-01
2.348918e-01
2.349179e-01
2.349176e-01
2.348923e-01
2.348547e-01
2.348800e-01
2.349644e-01
2.350454e-01
2.351047e-01
2.351602e-01
2.352184e-01
2.353181e-01
2.354166e-01
2.355615e-01
2.357199e-01
2.358375e-01
2.359079e-01
2.359571e-01
2.359760e-01
2.359571e-01
2.359105e-01
2.359163e-01
2.359251e-01
2.359777e-01
2.360770e-01
2.361065e-01
2.361403e-01
2.361279e-01
2.360655e-01
2.359914e-01
2.359082e-01
2.358633e-01
2.358392e-01
2.358102e-01
2.357663e-01
2.356989e-01
2.356557e-01
2.356262e-01
2.354987e-01
2.354942e-01
2.354407e-01
2.354272e-01
2.353755e-01
2.353066e-01
2.351915e-01
2.350857e-01
2.349967e-01
2.349458e-01
2.349044e-01
2.348581e-01
2.348349e-01
2.347130e-01
2.346140e-01
2.345143e-01
2.345216e-01
2.345780e-01
2.345892e-01
2.345962e-01
2.345250e-01
2.344192e-01
2.343927e-01
2.344220e-01
2.344512e-01
2.344791e-01
2.344926e-01
2.345398e-01
2.345565e-01
2.345677e-01
2.345273e-01
2.345188e-01
2.344877e-01
2.344885e-01
2.344505e-01
2.345005e-01
2.345841e-01
2.346852e-01
2.347253e-01
2.347297e-01
2.346944e-01
2.346852e-01
2.346880e-01
2.347184e-01
2.347372e-01
2.347076e-01
2.346823e-01
2.346494e-01
2.345900e-01
2.345668e-01
2.345029e-01
2.344601e-01
2.345146e-01
2.344601e-01
2.343776e-01
2.342849e-01
2.342372e-01
2.342201e-01
2.341705e-01
2.341869e-01
2.342130e-01
2.342437e-01
2.343317e-01
2.343765e-01
2.344041e-01
2.343745e-01
2.343302e-01
2.343028e-01
2.342542e-01
2.340876e-01
2.340598e-01
2.340516e-01
2.339850e-01
2.339361e-01
2.339690e-01
2.340586e-01
2.341699e-01
2.341617e-01
2.341369e-01
2.341199e-01
2.341173e-01
2.341423e-01
2.341352e-01
2.341261e-01
2.340778e-01
2.340751e-01
2.340877e-01
2.340854e-01
2.340686e-01
2.340585e-01
2.340382e-01
2.340134e-01
2.339811e-01
2.339360e-01
2.338821e-01
2.339207e-01
2.339309e-01
2.339356e-01
2.338268e-01
2.338045e-01
2.337197e-01
2.337759e-01
2.337820e-01
2.337682e-01
2.336975e-01
2.336760e-01
2.336301e-01
2.336457e-01
2.336245e-01
2.336326e-01
2.336401e-01
2.336544e-01
2.336902e-01
2.336879e-01
2.337083e-01
2.336980e-01
2.337365e-01
2.337668e-01
2.338233e-01
2.338748e-01
2.339194e-01
2.339853e-01
2.340152e-01
2.341033e-01
2.341821e-01
2.342780e-01
2.343689e-01
2.343377e-01
2.343152e-01
2.343147e-01
2.343645e-01
2.343887e-01
2.343811e-01
2.343320e-01
2.342962e-01
2.343043e-01
2.342255e-01
2.341876e-01
2.341026e-01
2.340473e-01
2.340129e-01
2.339946e-01
2.340133e-01
2.339988e-01
2.339808e-01
2.339883e-01
2.339977e-01
2.339884e-01
2.339460e-01
2.339235e-01
2.338915e-01
2.338921e-01
2.338713e-01
2.338709e-01
2.339082e-01
2.340715e-01
2.342488e-01
2.343747e-01
2.344583e-01
2.344963e-01
2.346183e-01
2.347539e-01
2.348935e-01
2.350139e-01
2.351101e-01
2.352115e-01
2.353313e-01
2.354151e-01
2.354212e-01
2.354173e-01
2.354645e-01
2.355546e-01
2.356774e-01
2.358013e-01
2.359331e-01
2.360136e-01
2.360903e-01
2.361484e-01
2.361802e-01
2.362663e-01
2.363444e-01
2.364687e-01
2.365553e-01
2.366392e-01
2.366984e-01
2.367108e-01
2.367103e-01
2.367780e-01
2.368761e-01
2.369248e-01
2.369565e-01
2.369117e-01
2.367754e-01
2.366621e-01
2.366142e-01
2.366629e-01
2.367358e-01
2.367160e-01
2.366404e-01
2.365455e-01
2.364983e-01
2.364936e-01
2.365071e-01
2.365250e-01
2.365641e-01
2.366605e-01
2.368227e-01
2.369034e-01
2.370291e-01
2.371184e-01
2.371094e-01
2.370836e-01
2.370787e-01
2.371009e-01
2.371163e-01
2.370944e-01
2.370867e-01
2.370677e-01
2.370533e-01
2.370825e-01
2.371042e-01
2.370669e-01
2.370051e-01
2.369128e-01
2.369118e-01
2.368550e-01
2.368551e-01
2.367931e-01
2.366812e-01
2.365663e-01
2.364076e-01
2.362154e-01
2.360605e-01
2.359486e-01
2.358604e-01
2.358181e-01
2.358194e-01
2.357710e-01
2.356982e-01
2.357285e-01
2.357800e-01
2.358898e-01
2.359701e-01
2.359460e-01
2.358915e-01
2.357747e-01
2.357462e-01
2.357534e-01
2.357144e-01
2.356652e-01
2.356051e-01
2.355308e-01
2.354407e-01
2.354176e-01
2.353945e-01
2.353907e-01
2.354555e-01
2.355256e-01
2.356613e-01
2.358079e-01
2.359368e-01
2.360349e-01
2.360236e-01
2.360178e-01
2.360053e-01
2.360337e-01
2.360871e-01
2.361275e-01
2.361850e-01
2.361263e-01
2.361227e-01
2.361260e-01
2.361433e-01
2.362065e-01
2.361968e-01
2.361595e-01
2.360630e-01
2.360362e-01
2.360351e-01
2.361260e-01
2.360182e-01
2.359715e-01
2.358738e-01
2.357905e-01
2.357622e-01
2.357535e-01
2.357600e-01
2.357247e-01
2.356948e-01
2.357222e-01
2.357726e-01
2.358003e-01
2.357718e-01
2.357085e-01
2.356598e-01
2.356725e-01
2.356334e-01
2.356207e-01
2.355743e-01
2.355643e-01
2.355371e-01
2.355134e-01
2.355375e-01
2.355284e-01
2.354783e-01
2.354471e-01
2.354063e-01
2.353642e-01
2.353244e-01
2.353253e-01
2.353396e-01
2.353238e-01
2.352875e-01
2.352552e-01
2.352200e-01
2.351661e-01
2.351549e-01
2.351364e-01
2.351318e-01
2.351161e-01
2.350341e-01
2.350107e-01
2.349436e-01
2.349573e-01
2.350069e-01
2.349757e-01
2.349213e-01
2.349142e-01
2.349633e-01
2.350120e-01
2.350511e-01
2.350954e-01
2.351528e-01
2.351751e-01
2.351886e-01
2.352100e-01
2.352735e-01
2.352601e-01
2.353164e-01
2.353624e-01
2.353900e-01
2.354506e-01
2.354585e-01
2.354645e-01
2.354292e-01
2.354306e-01
2.354333e-01
2.354914e-01
2.355484e-01
2.356275e-01
2.357060e-01
2.357600e-01
2.358128e-01
2.359301e-01
2.359603e-01
2.360714e-01
2.360950e-01
2.361146e-01
2.360673e-01
2.359912e-01
2.359022e-01
2.358626e-01
2.358941e-01
2.359178e-01
2.358363e-01
2.357940e-01
2.356917e-01
2.356731e-01
2.356858e-01
2.356946e-01
2.356450e-01
2.355753e-01
2.355341e-01
2.354945e-01
2.354673e-01
2.354277e-01
2.353660e-01
2.353100e-01
2.352440e-01
2.350458e-01
2.349456e-01
2.348475e-01
2.347310e-01
2.347541e-01
2.348063e-01
2.348446e-01
2.348190e-01
2.347500e-01
2.347155e-01
2.346676e-01
2.346541e-01
2.346375e-01
2.346427e-01
2.347068e-01
2.347663e-01
2.347828e-01
2.348038e-01
2.348097e-01
2.348492e-01
2.349075e-01
2.349732e-01
2.350100e-01
2.350710e-01
2.350478e-01
2.351031e-01
2.350796e-01
2.350425e-01
2.349807e-01
2.349786e-01
2.349848e-01
2.350481e-01
2.351219e-01
2.351487e-01
2.351081e-01
2.350570e-01
2.350067e-01
2.350589e-01
2.351073e-01
2.350736e-01
2.350673e-01
2.350722e-01
2.350861e-01
2.351476e-01
2.352296e-01
2.352860e-01
2.352553e-01
2.351766e-01
2.351116e-01
2.351057e-01
2.351105e-01
2.350429e-01
2.349118e-01
2.349571e-01
2.349448e-01
2.349446e-01
2.349183e-01
2.348388e-01
2.346939e-01
2.346947e-01
2.346595e-01
2.346067e-01
2.345475e-01
2.344995e-01
2.344913e-01
2.344489e-01
2.343818e-01
2.342377e-01
2.341618e-01
2.341978e-01
2.342164e-01
2.342269e-01
2.342363e-01
2.341815e-01
2.342278e-01
2.342885e-01
2.343321e-01
2.343602e-01
2.343838e-01
2.343744e-01
2.344051e-01
2.344454e-01
2.345342e-01
2.346629e-01
2.347782e-01
2.348650e-01
2.348947e-01
2.348884e-01
2.348791e-01
2.349084e-01
2.349620e-01
2.349777e-01
2.349876e-01
2.350096e-01
2.350726e-01
2.351073e-01
2.351762e-01
2.352839e-01
2.353478e-01
2.353995e-01
2.354512e-01
2.354881e-01
2.354644e-01
2.354946e-01
2.355141e-01
2.355562e-01
2.354786e-01
2.354441e-01
2.354213e-01
2.353918e-01
2.352829e-01
2.352288e-01
2.350411e-01
2.349453e-01
2.348177e-01
2.348067e-01
2.347821e-01
2.347236e-01
2.346761e-01
2.345664e-01
2.344984e-01
2.345005e-01
2.345383e-01
2.345162e-01
2.344350e-01
2.343684e-01
2.343617e-01
2.343324e-01
2.344180e-01
2.344518e-01
2.344415e-01
2.344392e-01
2.344661e-01
2.344538e-01
2.344007e-01
2.342688e-01
2.341877e-01
2.341500e-01
2.342003e-01
2.342244e-01
2.342245e-01
2.341946e-01
2.341601e-01
2.341734e-01
2.341465e-01
2.341608e-01
2.342177e-01
2.342264e-01
2.341906e-01
2.341481e-01
2.341368e-01
2.341498e-01
2.341750e-01
2.340951e-01
2.341131e-01
2.340900e-01
2.341037e-01
2.341300e-01
2.341697e-01
2.342616e-01
2.343899e-01
2.344933e-01
2.346421e-01
2.347944e-01
2.349979e-01
2.351675e-01
2.352598e-01
2.352926e-01
2.353205e-01
2.353438e-01
2.353249e-01
2.353283e-01
2.353560e-01
2.354700e-01
2.355989e-01
2.357199e-01
2.358586e-01
2.359788e-01
2.361374e-01
2.362371e-01
2.363193e-01
2.363845e-01
2.364075e-01
2.363705e-01
2.363848e-01
2.363403e-01
2.363074e-01
2.362887e-01
2.361848e-01
2.360492e-01
2.359038e-01
2.358780e-01
2.359318e-01
2.360056e-01
2.359857e-01
2.358794e-01
2.357464e-01
2.357318e-01
2.357856e-01
2.358500e-01
2.359304e-01
2.359460e-01
2.359508e-01
2.359566e-01
2.359765e-01
2.359570e-01
2.359141e-01
2.358724e-01
2.358418e-01
2.358448e-01
2.358757e-01
2.359785e-01
2.360464e-01
2.360731e-01
2.360561e-01
2.359830e-01
2.359338e-01
2.358931e-01
2.359577e-01
2.358832e-01
2.358850e-01
2.359493e-01
2.359599e-01
2.360563e-01
2.361048e-01
2.361496e-01
2.362113e-01
2.362726e-01
2.363433e-01
2.364192e-01
2.364307e-01
2.364804e-01
2.365153e-01
2.365344e-01
2.365590e-01
2.365817e-01
2.365916e-01
2.366436e-01
2.366308e-01
2.366521e-01
2.366919e-01
2.367081e-01
2.367239e-01
2.368164e-01
2.368245e-01
2.368407e-01
2.368078e-01
2.367916e-01
2.367116e-01
2.366413e-01
2.365286e-01
2.364106e-01
2.363332e-01
2.363152e-01
2.363276e-01
2.363060e-01
2.362482e-01
2.361712e-01
2.360584e-01
2.359513e-01
2.358257e-01
2.357145e-01
2.355946e-01
2.355074e-01
2.353628e-01
2.352488e-01
2.351451e-01
2.349692e-01
2.348393e-01
2.347434e-01
2.347122e-01
2.346432e-01
2.346286e-01
2.345091e-01
2.343648e-01
2.342832e-01
2.342137e-01
2.341614e-01
2.341918e-01
2.341321e-01
2.341080e-01
2.340104e-01
2.339948e-01
2.339473e-01
2.338262e-01
2.337123e-01
2.336526e-01
2.336307e-01
2.335802e-01
2.334885e-01
2.334487e-01
2.334462e-01
2.334631e-01
2.334685e-01
2.334360e-01
2.333926e-01
2.333631e-01
2.333653e-01
2.334298e-01
2.334852e-01
2.335362e-01
2.335557e-01
2.335466e-01
2.335508e-01
2.335621e-01
2.335092e-01
2.335225e-01
2.335422e-01
2.335753e-01
2.336275e-01
2.336660e-01
2.336662e-01
2.336966e-01
2.337191e-01
2.337654e-01
2.338180e-01
2.338985e-01
2.340171e-01
2.340690e-01
2.340853e-01
2.340905e-01
2.340685e-01
2.340675e-01
2.340844e-01
2.341145e-01
2.341916e-01
2.342434e-01
2.342588e-01
2.342225e-01
2.341913e-01
2.341997e-01
2.342348e-01
2.342606e-01
2.342088e-01
2.341503e-01
2.340760e-01
2.340303e-01
2.340150e-01
2.339942e-01
2.339544e-01
2.339572e-01
2.339791e-01
2.339675e-01
2.339358e-01
2.338726e-01
2.338326e-01
2.338628e-01
2.338704e-01
2.338358e-01
2.339039e-01
2.339321e-01
2.339845e-01
2.340355e-01
2.339854e-01
2.339899e-01
2.339560e-01
2.338372e-01
2.337493e-01
2.335533e-01
2.333053e-01
2.331469e-01
2.329159e-01
2.327113e-01
2.326737e-01
2.325447e-01
2.324871e-01
2.323743e-01
2.323051e-01
2.322417e-01
2.321609e-01
2.321104e-01
2.320886e-01
2.320330e-01
2.319391e-01
2.318716e-01
2.318755e-01
2.319683e-01
2.320525e-01
2.320756e-01
2.320505e-01
2.320287e-01
2.320583e-01
2.320831e-01
2.320736e-01
2.321797e-01
2.321706e-01
2.321448e-01
2.321224e-01
2.321425e-01
2.321957e-01
2.321534e-01
2.320853e-01
2.320501e-01
2.320673e-01
2.320937e-01
2.321149e-01
2.321425e-01
2.321283e-01
2.320900e-01
2.320932e-01
2.320965e-01
2.321501e-01
2.322803e-01
2.323995e-01
2.325518e-01
2.326972e-01
2.328192e-01
2.329185e-01
2.330432e-01
2.331418e-01
2.331959e-01
2.331843e-01
2.331452e-01
2.331393e-01
2.332754e-01
2.334312e-01
2.335682e-01
2.336210e-01
2.336137e-01
2.335511e-01
2.335438e-01
2.334983e-01
2.333952e-01
2.333076e-01
2.332286e-01
2.331915e-01
2.331186e-01
2.329943e-01
2.328274e-01
2.326661e-01
2.325298e-01
2.324345e-01
2.324625e-01
2.325437e-01
2.325916e-01
2.327115e-01
2.327379e-01
2.327831e-01
2.327642e-01
2.328412e-01
2.329435e-01
2.330546e-01
2.330968e-01
2.331118e-01
2.331048e-01
2.331396e-01
2.332089e-01
2.332387e-01
2.332964e-01
2.333381e-01
2.333688e-01
2.334511e-01
2.335102e-01
2.335316e-01
2.335199e-01
2.334857e-01
2.334707e-01
2.333961e-01
2.333676e-01
2.333572e-01
2.333936e-01
2.335040e-01
2.336075e-01
2.337482e-01
2.339114e-01
2.340687e-01
2.342260e-01
2.344009e-01
2.345981e-01
2.347416e-01
2.348663e-01
2.349545e-01
2.349765e-01
2.350273e-01
2.351591e-01
2.352490e-01
2.352804e-01
2.352985e-01
2.352952e-01
2.353278e-01
2.352721e-01
2.352086e-01
2.351671e-01
2.351072e-01
2.350557e-01
2.349257e-01
2.348248e-01
2.346747e-01
2.345759e-01
2.344841e-01
2.343711e-01
2.342770e-01
2.341719e-01
2.340566e-01
2.340144e-01
2.339548e-01
2.339039e-01
2.338204e-01
2.336982e-01
2.335128e-01
2.333818e-01
2.333333e-01
2.333258e-01
2.333291e-01
2.333263e-01
2.333573e-01
2.334372e-01
2.335475e-01
2.335872e-01
2.336999e-01
2.337718e-01
2.340034e-01
2.341032e-01
2.341267e-01
2.340753e-01
2.339579e-01
2.339856e-01
2.340219e-01
2.339614e-01
2.338598e-01
2.336896e-01
2.334761e-01
2.333539e-01
2.333004e-01
2.332912e-01
2.332736e-01
2.331761e-01
2.331589e-01
2.330850e-01
2.329722e-01
2.329331e-01
2.329049e-01
2.329439e-01
2.329538e-01
2.329949e-01
2.329444e-01
2.328472e-01
2.327918e-01
2.327574e-01
2.327441e-01
2.327039e-01
2.325990e-01
2.325442e-01
2.325073e-01
2.325073e-01
2.324757e-01
2.323957e-01
2.322994e-01
2.322248e-01
2.321262e-01
2.319994e-01
2.318858e-01
2.317846e-01
2.317821e-01
2.318497e-01
2.319537e-01
2.319819e-01
2.320089e-01
2.320049e-01
2.319900e-01
2.320894e-01
2.322085e-01
2.322976e-01
2.322880e-01
2.322669e-01
2.322997e-01
2.322988e-01
2.323265e-01
2.323480e-01
2.324806e-01
2.326585e-01
2.328089e-01
2.329424e-01
2.329784e-01
2.330101e-01
2.330820e-01
2.332035e-01
2.333218e-01
2.334307e-01
2.334816e-01
2.335384e-01
2.335792e-01
2.336637e-01
2.337172e-01
2.338343e-01
2.339700e-01
2.341433e-01
2.343144e-01
2.345114e-01
2.346265e-01
2.347886e-01
2.349231e-01
2.351034e-01
2.352575e-01
2.353300e-01
2.353265e-01
2.352727e-01
2.352494e-01
2.352170e-01
2.351237e-01
2.350407e-01
2.349675e-01
2.348892e-01
2.348341e-01
2.347725e-01
2.347764e-01
2.347989e-01
2.348205e-01
2.348459e-01
2.348531e-01
2.349157e-01
2.349923e-01
2.350862e-01
2.352267e-01
2.352959e-01
2.352753e-01
2.352133e-01
2.352130e-01
2.352471e-01
2.352172e-01
2.352042e-01
2.351568e-01
2.350850e-01
2.350043e-01
2.349504e-01
2.349646e-01
2.349519e-01
2.349399e-01
2.349500e-01
2.350000e-01
2.350493e-01
2.350511e-01
2.350162e-01
2.350076e-01
2.350046e-01
2.349930e-01
2.350017e-01
2.349181e-01
2.347714e-01
2.346182e-01
2.345140e-01
2.344445e-01
2.343902e-01
2.343450e-01
2.342809e-01
2.342312e-01
2.342069e-01
2.341921e-01
2.342022e-01
2.342156e-01
2.342650e-01
2.343788e-01
2.345243e-01
2.346422e-01
2.347453e-01
2.347634e-01
2.347924e-01
2.348374e-01
2.348219e-01
2.347980e-01
2.346855e-01
2.345504e-01
2.345068e-01
2.344863e-01
2.344462e-01
2.343907e-01
2.343025e-01
2.342093e-01
2.341591e-01
2.341414e-01
2.341297e-01
2.341909e-01
2.343256e-01
2.344276e-01
2.345137e-01
2.345141e-01
2.345311e-01
2.344928e-01
2.345648e-01
2.345597e-01
2.345435e-01
2.344931e-01
2.344481e-01
2.344684e-01
2.344563e-01
2.344224e-01
2.344321e-01
2.344737e-01
2.345364e-01
2.345951e-01
2.346213e-01
2.345618e-01
2.344757e-01
2.344592e-01
2.345274e-01
2.345755e-01
2.346033e-01
2.346061e-01
2.345345e-01
2.344448e-01
2.343708e-01
2.343131e-01
2.343128e-01
2.343172e-01
2.343470e-01
2.343671e-01
2.343810e-01
2.343380e-01
2.342581e-01
2.341673e-01
2.341952e-01
2.342533e-01
2.343733e-01
2.344568e-01
2.345407e-01
2.345961e-01
2.346947e-01
2.347907e-01
2.349359e-01
2.349650e-01
2.350421e-01
2.350910e-01
2.351631e-01
2.352764e-01
2.353464e-01
2.354053e-01
2.354966e-01
2.355946e-01
2.356910e-01
2.357876e-01
2.358086e-01
2.358891e-01
2.359593e-01
2.359978e-01
2.360210e-01
2.360959e-01
2.361586e-01
2.362365e-01
2.363409e-01
2.363993e-01
2.364460e-01
2.364123e-01
2.363917e-01
2.363393e-01
2.362783e-01
2.362204e-01
2.361660e-01
2.361121e-01
2.360513e-01
2.359631e-01
2.359040e-01
2.358155e-01
2.358653e-01
2.359141e-01
2.359406e-01
2.359759e-01
2.360723e-01
2.361143e-01
2.361509e-01
2.361848e-01
2.362050e-01
2.362528e-01
2.363804e-01
2.364567e-01
2.365328e-01
2.366060e-01
2.366604e-01
2.366871e-01
2.366993e-01
2.366908e-01
2.365951e-01
2.364854e-01
2.363377e-01
2.361953e-01
2.360863e-01
2.360110e-01
2.359202e-01
2.357588e-01
2.356328e-01
2.354698e-01
2.354796e-01
2.354958e-01
2.354808e-01
2.354455e-01
2.353149e-01
2.352090e-01
2.352236e-01
2.352306e-01
2.352254e-01
2.351785e-01
2.351062e-01
2.350413e-01
2.349801e-01
2.348734e-01
2.347807e-01
2.347111e-01
2.347222e-01
2.347111e-01
2.346288e-01
2.345459e-01
2.344797e-01
2.344494e-01
2.344842e-01
2.345547e-01
2.346352e-01
2.347345e-01
2.348413e-01
2.349346e-01
2.349895e-01
2.350445e-01
2.350800e-01
2.351230e-01
2.351411e-01
2.352148e-01
2.352471e-01
2.353017e-01
2.353395e-01
2.353829e-01
2.354174e-01
2.354531e-01
2.355098e-01
2.355214e-01
2.355197e-01
2.354937e-01
2.354333e-01
2.353584e-01
2.352757e-01
2.351432e-01
2.350291e-01
2.348924e-01
2.347947e-01
2.347337e-01
2.347158e-01
2.346353e-01
2.345735e-01
2.344903e-01
2.344239e-01
2.343523e-01
2.343123e-01
2.342629e-01
2.342467e-01
2.342402e-01
2.342439e-01
2.342492e-01
2.342850e-01
2.344291e-01
2.346262e-01
2.348008e-01
2.349534e-01
2.350474e-01
2.350804e-01
2.350714e-01
2.350809e-01
2.351389e-01
2.352223e-01
2.353048e-01
2.353803e-01
2.353560e-01
2.352769e-01
2.352054e-01
2.351404e-01
2.351431e-01
2.351383e-01
2.350861e-01
2.350200e-01
2.349677e-01
2.348997e-01
2.348601e-01
2.348605e-01
2.348900e-01
2.349181e-01
2.348779e-01
2.349336e-01
2.349307e-01
2.349554e-01
2.349790e-01
2.350076e-01
2.349688e-01
2.348838e-01
2.348367e-01
2.348320e-01
2.348835e-01
2.348830e-01
2.348352e-01
2.348166e-01
2.348483e-01
2.348954e-01
2.348942e-01
2.348798e-01
2.348379e-01
2.347920e-01
2.347607e-01
2.347077e-01
2.346641e-01
2.346887e-01
2.347508e-01
2.347923e-01
2.348457e-01
2.348693e-01
2.348589e-01
2.348475e-01
2.348801e-01
2.349565e-01
2.350321e-01
2.350542e-01
2.351017e-01
2.351214e-01
2.351344e-01
2.351384e-01
2.351585e-01
2.351588e-01
2.351806e-01
2.351741e-01
2.351998e-01
2.351965e-01
2.351831e-01
2.351019e-01
2.349610e-01
2.348478e-01
2.347358e-01
2.346824e-01
2.346749e-01
2.346835e-01
2.346929e-01
2.347452e-01
2.348493e-01
2.349802e-01
2.350925e-01
2.352737e-01
2.354643e-01
2.356047e-01
2.357286e-01
2.358163e-01
2.359515e-01
2.360899e-01
2.361411e-01
2.361052e-01
2.360513e-01
2.360010e-01
2.359534e-01
2.358461e-01
2.357212e-01
2.356085e-01
2.355029e-01
2.354320e-01
2.353169e-01
2.353025e-01
2.352144e-01
2.352222e-01
2.352470e-01
2.352547e-01
2.352458e-01
2.352394e-01
2.352529e-01
2.352860e-01
2.353257e-01
2.353340e-01
2.353341e-01
2.353255e-01
2.353343e-01
2.352928e-01
2.352231e-01
2.351901e-01
2.351224e-01
2.350834e-01
2.350953e-01
2.350577e-01
2.350059e-01
2.349879e-01
2.349920e-01
2.350072e-01
2.350200e-01
2.349286e-01
2.349073e-01
2.349109e-01
2.348942e-01
2.348432e-01
2.347336e-01
2.345795e-01
2.343916e-01
2.342438e-01
2.341667e-01
2.340700e-01
2.339873e-01
2.338705e-01
2.337848e-01
2.337374e-01
2.337553e-01
2.337838e-01
2.337880e-01
2.337789e-01
2.337625e-01
2.337666e-01
2.336856e-01
2.335681e-01
2.334466e-01
2.334162e-01
2.334287e-01
2.334597e-01
2.334976e-01
2.334657e-01
2.333974e-01
2.333171e-01
2.333182e-01
2.334341e-01
2.334952e-01
2.335609e-01
2.336338e-01
2.337676e-01
2.339114e-01
2.340550e-01
2.341501e-01
2.342788e-01
2.344563e-01
2.345980e-01
2.347320e-01
2.348409e-01
2.349437e-01
2.349867e-01
2.350091e-01
2.349407e-01
2.348564e-01
2.347578e-01
2.347126e-01
2.347229e-01
2.347725e-01
2.348143e-01
2.348465e-01
2.349297e-01
2.350867e-01
2.352787e-01
2.353908e-01
2.355234e-01
2.355993e-01
2.356833e-01
2.357391e-01
2.357250e-01
2.357414e-01
2.358186e-01
2.358942e-01
2.359933e-01
2.360691e-01
2.361237e-01
2.362355e-01
2.363635e-01
2.364243e-01
2.364896e-01
2.365097e-01
2.364796e-01
2.364896e-01
2.364709e-01
2.364242e-01
2.363773e-01
2.363354e-01
2.363033e-01
2.362862e-01
2.362494e-01
2.361951e-01
2.360829e-01
2.360438e-01
2.359332e-01
2.358717e-01
2.357680e-01
2.357017e-01
2.356322e-01
2.355400e-01
2.354833e-01
2.354502e-01
2.354478e-01
2.354160e-01
2.354984e-01
2.355026e-01
2.355764e-01
2.355826e-01
2.356677e-01
2.357232e-01
2.357662e-01
2.358321e-01
2.358123e-01
2.357169e-01
2.356334e-01
2.356211e-01
2.356214e-01
2.356407e-01
2.356240e-01
2.355522e-01
2.353970e-01
2.353628e-01
2.352992e-01
2.352373e-01
2.351904e-01
2.350852e-01
2.349829e-01
2.349323e-01
2.349068e-01
2.347628e-01
2.345946e-01
2.344515e-01
2.343770e-01
2.343402e-01
2.342434e-01
2.341948e-01
2.340857e-01
2.339792e-01
2.338797e-01
2.337858e-01
2.337084e-01
2.337834e-01
2.337912e-01
2.338580e-01
2.338615e-01
2.338720e-01
2.339355e-01
2.340501e-01
2.341127e-01
2.341298e-01
2.340767e-01
2.340091e-01
2.340187e-01
2.339977e-01
2.338856e-01
2.337677e-01
2.336276e-01
2.335111e-01
2.334796e-01
2.334708e-01
2.334238e-01
2.333726e-01
2.332847e-01
2.332325e-01
2.332466e-01
2.333139e-01
2.334083e-01
2.335287e-01
2.336569e-01
2.337319e-01
2.338010e-01
2.338065e-01
2.337736e-01
2.337448e-01
2.335865e-01
2.336071e-01
2.335094e-01
2.334939e-01
2.335206e-01
2.335587e-01
2.335759e-01
2.335568e-01
2.335366e-01
2.335793e-01
2.336256e-01
2.336963e-01
2.338349e-01
2.339921e-01
2.341101e-01
2.341892e-01
2.342241e-01
2.342627e-01
2.343004e-01
2.342708e-01
2.342396e-01
2.342182e-01
2.341964e-01
2.341670e-01
2.341428e-01
2.341434e-01
2.341941e-01
2.342102e-01
2.341766e-01
2.340788e-01
2.340383e-01
2.340774e-01
2.341459e-01
2.342340e-01
2.343125e-01
2.343846e-01
2.345298e-01
2.345599e-01
2.345808e-01
2.345519e-01
2.345364e-01
2.345142e-01
2.345394e-01
2.345522e-01
2.346921e-01
2.348297e-01
2.350668e-01
2.353078e-01
2.355508e-01
2.357152e-01
2.358760e-01
2.359515e-01
2.359714e-01
2.360103e-01
2.359867e-01
2.359297e-01
2.358591e-01
2.358128e-01
2.356999e-01
2.356143e-01
2.355550e-01
2.354946e-01
2.355660e-01
2.355931e-01
2.355949e-01
2.355248e-01
2.354753e-01
2.353493e-01
2.352907e-01
2.352829e-01
2.353704e-01
2.353757e-01
2.353317e-01
2.352613e-01
2.351697e-01
2.350516e-01
2.349811e-01
2.349651e-01
2.350167e-01
2.350219e-01
2.350174e-01
2.349706e-01
2.349062e-01
2.348127e-01
2.346924e-01
2.346572e-01
2.346646e-01
2.346814e-01
2.347548e-01
2.348001e-01
2.348859e-01
2.349887e-01
2.350983e-01
2.351564e-01
2.352264e-01
2.352550e-01
2.353081e-01
2.353511e-01
2.354321e-01
2.355499e-01
2.356289e-01
2.357273e-01
2.357349e-01
2.356924e-01
2.356694e-01
2.356224e-01
2.356079e-01
2.355730e-01
2.354897e-01
2.354198e-01
2.353479e-01
2.353507e-01
2.353551e-01
2.353221e-01
2.352635e-01
2.351914e-01
2.350974e-01
2.350620e-01
2.350353e-01
2.350494e-01
2.350701e-01
2.351026e-01
2.351387e-01
2.352437e-01
2.352809e-01
2.353576e-01
2.354294e-01
2.354735e-01
2.355359e-01
2.355180e-01
2.355745e-01
2.356217e-01
2.357193e-01
2.357931e-01
2.358604e-01
2.358783e-01
2.359571e-01
2.360086e-01
2.360284e-01
2.359863e-01
2.359042e-01
2.358258e-01
2.357712e-01
2.357756e-01
2.358363e-01
2.358788e-01
2.359029e-01
2.358757e-01
2.358405e-01
2.357551e-01
2.357721e-01
2.357962e-01
2.358128e-01
2.357503e-01
2.356756e-01
2.356661e-01
2.357097e-01
2.357453e-01
2.357728e-01
2.357640e-01
2.358119e-01
2.358679e-01
2.358617e-01
2.359000e-01
2.360172e-01
2.361064e-01
2.361407e-01
2.361388e-01
2.360578e-01
2.359120e-01
2.357871e-01
2.357177e-01
2.355654e-01
2.355284e-01
2.354631e-01
2.353744e-01
2.352520e-01
2.352309e-01
2.351732e-01
2.351283e-01
2.351542e-01
2.351773e-01
2.352096e-01
2.352585e-01
2.352885e-01
2.353356e-01
2.353812e-01
2.354422e-01
2.354719e-01
2.355532e-01
2.356267e-01
2.357364e-01
2.358324e-01
2.358841e-01
2.359316e-01
2.359420e-01
2.359383e-01
2.358637e-01
2.357081e-01
2.355606e-01
2.354208e-01
2.352851e-01
2.351425e-01
2.349531e-01
2.348624e-01
2.347625e-01
2.347105e-01
2.346913e-01
2.346889e-01
2.346615e-01
2.346470e-01
2.346279e-01
2.346372e-01
2.347089e-01
2.347952e-01
2.349578e-01
2.350425e-01
2.351489e-01
2.352764e-01
2.354116e-01
2.355065e-01
2.356208e-01
2.357218e-01
2.358328e-01
2.360202e-01
2.361968e-01
2.363346e-01
2.363980e-01
2.364479e-01
2.364819e-01
2.365319e-01
2.365774e-01
2.366053e-01
2.365398e-01
2.364067e-01
2.362990e-01
2.361798e-01
2.361805e-01
2.361210e-01
2.360340e-01
2.359411e-01
2.358879e-01
2.358045e-01
2.356967e-01
2.356159e-01
2.355313e-01
2.354339e-01
2.353128e-01
2.351571e-01
2.350712e-01
2.350321e-01
2.349695e-01
2.349359e-01
2.348630e-01
2.348491e-01
2.348582e-01
2.348964e-01
2.348463e-01
2.347849e-01
2.346814e-01
2.346688e-01
2.346967e-01
2.347331e-01
2.346210e-01
2.345732e-01
2.344547e-01
2.343501e-01
2.342664e-01
2.341542e-01
2.340571e-01
2.340073e-01
2.339866e-01
2.339974e-01
2.340354e-01
2.340170e-01
2.339750e-01
2.338954e-01
2.337623e-01
2.337134e-01
2.336883e-01
2.337302e-01
2.337727e-01
2.338132e-01
2.338784e-01
2.339008e-01
2.339316e-01
2.339662e-01
2.340031e-01
2.340345e-01
2.340581e-01
2.340653e-01
2.340856e-01
2.340481e-01
2.340666e-01
2.340626e-01
2.342294e-01
2.343428e-01
2.345411e-01
2.346294e-01
2.346997e-01
2.347311e-01
2.347889e-01
2.348867e-01
2.350185e-01
2.351702e-01
2.353017e-01
2.354129e-01
2.355008e-01
2.355448e-01
2.356023e-01
2.356055e-01
2.356073e-01
2.355872e-01
2.356183e-01
2.357073e-01
2.356828e-01
2.357099e-01
2.356873e-01
2.357189e-01
2.357643e-01
2.358829e-01
2.359555e-01
2.360097e-01
2.359907e-01
2.359946e-01
2.359488e-01
2.359382e-01
2.358748e-01
2.358166e-01
2.357562e-01
2.356113e-01
2.354482e-01
2.353263e-01
2.351966e-01
2.351507e-01
2.351150e-01
2.350833e-01
2.351410e-01
2.352460e-01
2.353552e-01
2.354512e-01
2.354564e-01
2.353975e-01
2.352723e-01
2.351669e-01
2.350423e-01
2.348869e-01
2.347095e-01
2.346121e-01
2.345086e-01
2.343994e-01
2.342739e-01
2.341095e-01
2.339563e-01
2.338253e-01
2.337766e-01
2.337005e-01
2.336585e-01
2.336562e-01
2.337019e-01
2.337232e-01
2.337190e-01
2.336883e-01
2.336846e-01
2.336877e-01
2.336798e-01
2.337332e-01
2.337021e-01
2.337173e-01
2.337197e-01
2.337082e-01
2.336514e-01
2.335643e-01
2.335735e-01
2.335599e-01
2.336364e-01
2.337512e-01
2.337699e-01
2.337442e-01
2.337028e-01
2.336536e-01
2.336810e-01
2.337146e-01
2.337812e-01
2.338932e-01
2.339826e-01
2.340799e-01
2.342430e-01
2.343380e-01
2.344199e-01
2.345257e-01
2.346816e-01
2.348697e-01
2.350618e-01
2.352555e-01
2.354278e-01
2.356207e-01
2.357201e-01
2.358060e-01
2.358805e-01
2.359820e-01
2.360946e-01
2.362150e-01
2.363002e-01
2.363775e-01
2.364795e-01
2.365838e-01
2.366620e-01
2.366731e-01
2.366689e-01
2.367243e-01
2.367487e-01
2.367834e-01
2.367797e-01
2.368007e-01
2.367386e-01
2.366623e-01
2.366920e-01
2.367572e-01
2.368340e-01
2.368692e-01
2.368093e-01
2.366821e-01
2.365196e-01
2.364238e-01
2.363714e-01
2.363653e-01
2.363680e-01
2.362832e-01
2.361308e-01
2.359602e-01
2.357847e-01
2.356690e-01
2.355870e-01
2.354176e-01
2.351954e-01
2.349908e-01
2.347807e-01
2.346231e-01
2.345005e-01
2.344152e-01
2.343067e-01
2.341944e-01
2.341201e-01
2.340861e-01
2.341306e-01
2.342397e-01
2.343155e-01
2.343564e-01
2.343503e-01
2.343439e-01
2.343243e-01
2.343717e-01
2.344481e-01
2.345329e-01
2.346028e-01
2.346470e-01
2.347027e-01
2.347763e-01
2.348278e-01
2.348679e-01
2.348879e-01
2.349025e-01
2.349679e-01
2.350177e-01
2.351010e-01
2.351180e-01
2.351528e-01
2.351956e-01
2.352241e-01
2.352039e-01
2.351401e-01
2.351013e-01
2.350451e-01
2.349908e-01
2.349427e-01
2.349013e-01
2.349245e-01
2.349249e-01
2.348730e-01
2.347973e-01
2.347420e-01
2.347831e-01
2.348570e-01
2.348572e-01
2.348020e-01
2.345853e-01
2.344786e-01
2.343963e-01
2.343484e-01
2.342435e-01
2.340947e-01
2.340283e-01
2.339669e-01
2.338228e-01
2.337248e-01
2.336125e-01
2.335830e-01
2.336176e-01
2.336759e-01
2.336540e-01
2.335140e-01
2.334923e-01
2.335021e-01
2.335628e-01
2.336333e-01
2.337183e-01
2.337726e-01
2.337204e-01
2.336423e-01
2.335553e-01
2.334874e-01
2.334786e-01
2.335244e-01
2.336095e-01
2.337648e-01
2.338941e-01
2.339799e-01
2.340784e-01
2.341268e-01
2.341373e-01
2.341526e-01
2.341513e-01
2.341865e-01
2.342414e-01
2.342704e-01
2.342819e-01
2.343830e-01
2.344829e-01
2.346066e-01
2.347209e-01
2.348585e-01
2.349722e-01
2.350779e-01
2.351988e-01
2.353945e-01
2.355752e-01
2.357789e-01
2.359011e-01
2.360323e-01
2.361520e-01
2.362385e-01
2.363239e-01
2.364492e-01
2.364915e-01
2.365482e-01
2.366048e-01
2.366203e-01
2.365539e-01
2.365602e-01
2.364735e-01
2.364527e-01
2.364411e-01
2.364977e-01
2.365015e-01
2.364377e-01
2.364177e-01
2.363863e-01
2.362977e-01
2.361760e-01
2.359846e-01
2.358400e-01
2.357921e-01
2.357135e-01
2.356476e-01
2.355694e-01
2.354999e-01
2.354339e-01
2.353835e-01
2.353486e-01
2.352333e-01
2.351719e-01
2.351051e-01
2.350271e-01
2.348740e-01
2.346446e-01
2.345519e-01
2.344179e-01
2.343762e-01
2.343267e-01
2.343209e-01
2.342957e-01
2.343317e-01
2.343131e-01
2.343086e-01
2.342974e-01
2.343399e-01
2.344376e-01
2.345211e-01
2.346077e-01
2.347091e-01
2.348291e-01
2.349138e-01
2.349845e-01
2.349731e-01
2.349835e-01
2.349166e-01
2.348562e-01
2.347481e-01
2.346720e-01
2.346106e-01
2.345959e-01
2.346513e-01
2.347365e-01
2.347885e-01
2.348080e-01
2.347863e-01
2.347914e-01
2.348008e-01
2.348152e-01
2.347896e-01
2.348435e-01
2.349161e-01
2.350284e-01
2.351938e-01
2.353325e-01
2.354805e-01
2.356464e-01
2.357917e-01
2.358722e-01
2.359230e-01
2.359538e-01
2.360151e-01
2.359992e-01
2.359474e-01
2.358415e-01
2.357647e-01
2.357235e-01
2.357275e-01
2.357327e-01
2.357468e-01
2.357332e-01
2.357582e-01
2.357730e-01
2.358320e-01
2.357928e-01
2.356682e-01
2.356138e-01
2.356162e-01
2.356635e-01
2.356200e-01
2.354920e-01
2.353929e-01
2.352405e-01
2.351009e-01
2.349476e-01
2.348668e-01
2.348160e-01
2.347720e-01
2.347525e-01
2.346925e-01
2.345344e-01
2.343728e-01
2.341763e-01
2.341259e-01
2.341065e-01
2.340849e-01
2.339675e-01
2.339072e-01
2.338515e-01
2.338576e-01
2.339175e-01
2.339380e-01
2.339383e-01
2.338761e-01
2.338136e-01
2.337739e-01
2.337898e-01
2.337982e-01
2.338348e-01
2.338482e-01
2.338572e-01
2.338865e-01
2.339438e-01
2.339841e-01
2.340520e-01
2.341562e-01
2.343059e-01
2.344530e-01
2.345903e-01
2.347681e-01
2.349462e-01
2.351083e-01
2.352108e-01
2.353044e-01
2.354064e-01
2.354642e-01
2.354445e-01
2.354182e-01
2.354677e-01
2.354716e-01
2.354883e-01
2.355405e-01
2.355370e-01
2.355542e-01
2.355898e-01
2.355831e-01
2.356582e-01
2.356972e-01
2.357363e-01
2.357208e-01
2.357148e-01
2.356850e-01
2.355630e-01
2.355001e-01
2.355062e-01
2.354837e-01
2.354856e-01
2.355025e-01
2.355678e-01
2.356670e-01
2.357622e-01
2.358190e-01
2.358576e-01
2.358089e-01
2.357662e-01
2.357555e-01
2.357818e-01
2.358321e-01
2.358531e-01
2.358252e-01
2.358286e-01
2.357750e-01
2.357376e-01
2.356550e-01
2.356792e-01
2.357320e-01
2.357301e-01
2.356812e-01
2.356677e-01
2.356808e-01
2.357818e-01
2.358688e-01
2.359514e-01
2.360460e-01
2.361774e-01
2.362802e-01
2.364313e-01
2.365228e-01
2.366412e-01
2.367382e-01
2.367943e-01
2.367917e-01
2.368027e-01
2.367901e-01
2.368379e-01
2.368750e-01
2.370037e-01
2.370676e-01
2.371492e-01
2.372435e-01
2.372060e-01
2.372677e-01
2.371865e-01
2.372221e-01
2.372456e-01
2.372943e-01
2.373634e-01
2.373521e-01
2.373029e-01
2.372714e-01
2.372754e-01
2.373077e-01
2.373107e-01
2.373740e-01
2.373945e-01
2.374270e-01
2.373953e-01
2.373398e-01
2.373411e-01
2.373189e-01
2.373834e-01
2.373497e-01
2.372932e-01
2.371483e-01
2.370480e-01
2.369753e-01
2.369449e-01
2.368752e-01
2.368203e-01
2.367354e-01
2.367368e-01
2.366901e-01
2.365783e-01
2.364522e-01
2.363673e-01
2.362938e-01
2.363295e-01
2.363326e-01
2.364262e-01
2.365524e-01
2.367013e-01
2.368322e-01
2.369562e-01
2.370258e-01
2.370732e-01
2.370935e-01
2.370890e-01
2.371072e-01
2.370916e-01
2.370561e-01
2.369704e-01
2.368604e-01
2.367597e-01
2.367676e-01
2.368068e-01
2.366936e-01
2.366735e-01
2.366191e-01
2.365030e-01
2.364266e-01
2.363163e-01
2.362838e-01
2.361449e-01
2.361219e-01
2.361114e-01
2.361319e-01
2.361555e-01
2.361469e-01
2.361244e-01
2.360779e-01
2.360992e-01
2.360864e-01
2.360651e-01
2.360789e-01
2.360521e-01
2.360093e-01
2.359855e-01
2.360070e-01
2.360668e-01
2.361275e-01
2.361271e-01
2.360646e-01
2.360172e-01
2.360326e-01
2.360809e-01
2.361134e-01
2.361091e-01
2.361006e-01
2.361146e-01
2.360303e-01
2.359544e-01
2.358545e-01
2.357526e-01
2.357236e-01
2.356911e-01
2.355851e-01
2.354512e-01
2.353592e-01
2.352427e-01
2.351775e-01
2.350787e-01
2.349751e-01
2.348335e-01
2.347422e-01
2.346750e-01
2.345376e-01
2.344428e-01
2.343317e-01
2.342116e-01
2.341472e-01
2.340540e-01
2.338791e-01
2.337555e-01
2.336079e-01
2.335157e-01
2.333894e-01
2.332844e-01
2.331537e-01
2.330413e-01
2.329408e-01
2.329729e-01
2.329206e-01
2.329227e-01
2.329145e-01
2.329237e-01
2.329353e-01
2.329444e-01
2.329679e-01
2.330513e-01
2.330835e-01
2.331168e-01
2.331919e-01
2.332317e-01
2.332633e-01
2.332437e-01
2.332229e-01
2.332400e-01
2.333358e-01
2.334176e-01
2.335431e-01
2.336584e-01
2.337014e-01
2.337421e-01
2.338190e-01
2.339376e-01
2.340285e-01
2.340296e-01
2.339828e-01
2.339900e-01
2.340823e-01
2.341671e-01
2.342440e-01
2.343314e-01
2.344243e-01
2.345036e-01
2.345328e-01
2.345421e-01
2.345951e-01
2.347010e-01
2.347806e-01
2.348678e-01
2.348970e-01
