-3.693044e-03
-3.539672e-03
-3.411008e-03
-3.672398e-03
-3.454178e-03
-2.734843e-03
-1.551716e-03
3.201857e-04
1.657583e-03
3.081914e-03
4.526894e-03
5.472515e-03
6.309095e-03
6.694946e-03
6.105622e-03
5.096858e-03
3.550440e-03
2.563853e-03
1.420619e-03
1.184035e-03
6.391656e-04
1.865268e-04
5.369690e-04
9.884310e-04
1.307466e-03
2.245294e-03
4.266000e-03
7.308271e-03
1.100592e-02
1.333092e-02
1.795929e-02
1.934990e-02
2.151977e-02
2.282046e-02
2.263903e-02
2.145633e-02
1.953390e-02
1.741538e-02
1.522673e-02
1.366108e-02
1.179261e-02
1.043019e-02
8.655520e-03
6.433945e-03
3.363925e-03
-8.387338e-04
-4.920338e-03
-9.764359e-03
-1.523285e-02
-1.980060e-02
-2.597756e-02
-3.179255e-02
-3.716794e-02
-4.188952e-02
-4.680563e-02
-5.350742e-02
-5.813808e-02
-6.229584e-02
-6.744087e-02
-6.892982e-02
-7.107584e-02
-7.217483e-02
-7.180061e-02
-7.036470e-02
-6.736442e-02
-6.335021e-02
-5.816090e-02
-5.051818e-02
-4.467994e-02
-4.093452e-02
-3.728627e-02
-3.399311e-02
-3.100689e-02
-2.840375e-02
-2.662575e-02
-2.536941e-02
-2.474576e-02
-2.382352e-02
-2.095217e-02
-1.888271e-02
-1.657429e-02
-1.519904e-02
-1.524870e-02
-1.661569e-02
-1.855847e-02
-2.122928e-02
-2.301847e-02
-2.523902e-02
-2.656768e-02
-2.698719e-02
-2.658937e-02
-2.572456e-02
-2.508422e-02
-2.447578e-02
-2.484202e-02
-2.519887e-02
-2.603240e-02
-2.707919e-02
-2.875919e-02
-3.064863e-02
-3.322377e-02
-3.497432e-02
-3.544962e-02
-3.389979e-02
-3.196017e-02
-2.634720e-02
-2.259969e-02
-1.916576e-02
-1.710828e-02
-1.659211e-02
-1.799725e-02
-2.037388e-02
-2.383873e-02
-2.618681e-02
-2.758995e-02
-2.838803e-02
-2.848011e-02
-2.837847e-02
-2.787133e-02
-2.767375e-02
-2.766509e-02
-2.792149e-02
-2.847568e-02
-2.952435e-02
-3.051989e-02
-3.051721e-02
-2.920242e-02
-2.654451e-02
-2.330257e-02
-1.696341e-02
-1.278985e-02
-9.784136e-03
-8.632853e-03
-8.237417e-03
-8.771207e-03
-9.555653e-03
-1.006252e-02
-1.002321e-02
-9.710139e-03
-9.028503e-03
-8.731874e-03
-8.008868e-03
-8.183122e-03
-8.656298e-03
-9.397661e-03
-9.471643e-03
-8.438617e-03
-5.991212e-03
-2.433215e-03
2.026465e-04
4.260649e-03
6.663576e-03
9.463149e-03
1.180499e-02
1.397613e-02
1.645382e-02
1.835589e-02
2.214935e-02
2.209802e-02
2.166108e-02
2.240929e-02
2.446345e-02
2.667067e-02
2.917399e-02
3.136029e-02
3.329441e-02
3.580424e-02
3.606128e-02
3.701160e-02
3.556918e-02
3.424986e-02
3.221683e-02
3.037700e-02
2.858082e-02
2.726124e-02
2.626601e-02
2.561992e-02
2.430958e-02
2.233688e-02
1.955561e-02
1.669801e-02
1.374437e-02
1.179591e-02
9.490979e-03
8.300818e-03
6.918218e-03
4.725993e-03
2.343650e-03
1.531452e-05
-2.722625e-03
-4.699638e-03
-4.573271e-03
-3.819358e-03
-4.028690e-03
-5.947991e-03
-8.152586e-03
-9.759379e-03
-1.182402e-02
-1.238664e-02
-1.114828e-02
-8.853512e-03
-7.410372e-03
-6.425548e-03
-7.251666e-03
-9.574798e-03
-1.275473e-02
-1.580562e-02
-1.809484e-02
-1.921100e-02
-1.893779e-02
-1.733215e-02
-1.523065e-02
-1.339980e-02
-1.420265e-02
-1.692227e-02
-2.191403e-02
-2.816464e-02
-3.417050e-02
-4.136522e-02
-5.048036e-02
-5.692192e-02
-6.173753e-02
-6.460244e-02
-6.518799e-02
-6.283777e-02
-5.817663e-02
-5.227813e-02
-4.661981e-02
-4.241957e-02
-3.928365e-02
-3.845070e-02
-3.937594e-02
-4.071127e-02
-4.275355e-02
-4.484236e-02
-4.582216e-02
-4.664274e-02
-5.012217e-02
-5.013162e-02
-5.011488e-02
-4.951645e-02
-4.874224e-02
-4.733075e-02
-4.514634e-02
-4.261007e-02
-4.016211e-02
-3.753038e-02
-3.593244e-02
-3.526052e-02
-3.540092e-02
-3.636522e-02
-3.810749e-02
-4.105688e-02
-4.327275e-02
-4.498001e-02
-4.573435e-02
-4.566902e-02
-4.481196e-02
-4.342095e-02
-4.172272e-02
-3.909179e-02
-3.484451e-02
-3.104103e-02
-2.534251e-02
-2.090458e-02
-1.888041e-02
-1.858756e-02
-1.962902e-02
-2.193295e-02
-2.383792e-02
-2.651659e-02
-3.018954e-02
-3.214269e-02
-3.232477e-02
-3.098722e-02
-2.855183e-02
-2.372544e-02
-1.969688e-02
-1.652632e-02
-1.377105e-02
-1.236928e-02
-1.162308e-02
-1.291328e-02
-1.485304e-02
-1.699358e-02
-2.171328e-02
-2.519685e-02
-2.999583e-02
-3.247952e-02
-3.558193e-02
-3.559775e-02
-3.375806e-02
-3.020663e-02
-2.414576e-02
-2.060793e-02
-1.711035e-02
-1.381451e-02
-1.144946e-02
-1.097259e-02
-1.162441e-02
-1.357520e-02
-1.735553e-02
-2.321736e-02
-2.700154e-02
-3.286239e-02
-3.770899e-02
-4.138600e-02
-4.427876e-02
-4.526511e-02
-4.478670e-02
-4.316287e-02
-4.116451e-02
-3.824492e-02
-3.516677e-02
-3.133106e-02
-2.973477e-02
-2.775410e-02
-2.681344e-02
-2.600029e-02
-2.539317e-02
-2.494715e-02
-2.473591e-02
-2.482492e-02
-2.509991e-02
-2.511875e-02
-2.529334e-02
-2.523629e-02
-2.442698e-02
-2.318350e-02
-2.116951e-02
-1.911551e-02
-1.792315e-02
-1.735473e-02
-1.723580e-02
-1.773749e-02
-2.036192e-02
-2.441253e-02
-2.998231e-02
-3.430649e-02
-4.104874e-02
-4.628348e-02
-4.978016e-02
-5.236123e-02
-5.289024e-02
-5.215223e-02
-5.185349e-02
-5.223643e-02
-5.364897e-02
-5.588640e-02
-5.796362e-02
-6.032546e-02
-6.249587e-02
-6.193867e-02
-5.914385e-02
-5.723988e-02
-5.223275e-02
-4.810812e-02
-4.306597e-02
-3.603735e-02
-3.377192e-02
-3.131994e-02
-3.104473e-02
-3.241068e-02
-3.429689e-02
-3.656807e-02
-3.853834e-02
-4.012613e-02
-4.119141e-02
-4.067555e-02
-3.865439e-02
-3.707527e-02
-3.482047e-02
-3.001960e-02
-2.835374e-02
-2.580136e-02
-2.464240e-02
-2.371122e-02
-2.350607e-02
-2.560342e-02
-2.807497e-02
-3.083191e-02
-3.534811e-02
-3.895787e-02
-4.047170e-02
-4.169459e-02
-4.121591e-02
-4.021433e-02
-3.828059e-02
-3.623287e-02
-3.518485e-02
-3.531077e-02
-3.631135e-02
-3.637949e-02
-3.554952e-02
-3.360943e-02
-3.115635e-02
-2.944264e-02
-2.770202e-02
-2.619932e-02
-2.328070e-02
-2.075561e-02
-1.801571e-02
-1.408031e-02
-8.965914e-03
-4.571252e-03
-4.955592e-04
3.817860e-03
5.918333e-03
5.624813e-03
4.632673e-03
2.996595e-03
6.144997e-04
-1.407451e-03
-5.611617e-03
-6.119387e-03
-5.712510e-03
-6.297633e-03
-6.730402e-03
-6.458594e-03
-6.067143e-03
-5.495366e-03
-4.964523e-03
-4.876371e-03
-5.274524e-03
-6.026109e-03
-7.120950e-03
-9.498732e-03
-1.283781e-02
-1.663186e-02
-1.877974e-02
-1.999213e-02
-1.974668e-02
-1.789072e-02
-1.643802e-02
-1.239890e-02
-9.434057e-03
-7.294899e-03
-4.897309e-03
-3.252617e-03
-2.755373e-03
-3.147195e-03
-3.831619e-03
-4.393670e-03
-4.260377e-03
-4.184224e-03
-3.465201e-03
-2.396946e-03
-1.370891e-03
7.725009e-04
2.713115e-03
4.502685e-03
6.052510e-03
8.211402e-03
9.361976e-03
9.514684e-03
9.232056e-03
8.399633e-03
7.038815e-03
5.413568e-03
3.644585e-03
1.169119e-03
-5.075167e-04
-1.681008e-03
-2.160661e-03
-2.847491e-03
-2.953797e-03
-3.186811e-03
-3.193611e-03
-3.529561e-03
-3.724377e-03
-3.402673e-03
-1.972796e-03
1.445729e-04
2.618004e-03
5.024702e-03
6.494055e-03
6.514958e-03
5.186540e-03
2.839564e-03
2.529822e-04
-3.736833e-03
-6.859705e-03
-8.335764e-03
-8.764735e-03
-8.836512e-03
-8.100379e-03
-7.045847e-03
-5.776255e-03
-3.721929e-03
-2.677487e-03
-1.295499e-03
-5.749307e-04
3.078252e-04
1.197449e-03
1.907487e-03
2.777245e-03
3.020816e-03
2.163152e-03
3.831885e-04
-7.736023e-04
-2.533047e-03
-2.591127e-03
-1.653651e-03
1.488772e-03
3.957369e-03
1.069811e-02
1.282610e-02
1.478501e-02
1.516530e-02
1.474211e-02
1.360644e-02
1.168610e-02
9.313868e-03
6.431930e-03
2.405846e-03
-1.021799e-03
-4.974473e-03
-7.549872e-03
-9.376415e-03
-9.675572e-03
-8.721585e-03
-6.773892e-03
-2.623604e-03
-1.707095e-04
4.021247e-03
6.473030e-03
8.212703e-03
9.386776e-03
9.258088e-03
8.337927e-03
6.986452e-03
5.715217e-03
4.107701e-03
2.973317e-03
1.424708e-03
5.422675e-05
-1.087396e-03
-1.989521e-03
-3.238575e-03
-4.851516e-03
-6.717834e-03
-9.736550e-03
-1.314634e-02
-1.786239e-02
-2.207232e-02
-2.620701e-02
-2.820151e-02
-3.312872e-02
-3.180292e-02
-3.013031e-02
-2.588763e-02
-2.252374e-02
-2.127699e-02
-1.938888e-02
-2.087067e-02
-2.226654e-02
-2.339761e-02
-2.501267e-02
-2.758629e-02
-2.846428e-02
-2.884565e-02
-2.904105e-02
-2.825905e-02
-2.590408e-02
-2.413160e-02
-2.198312e-02
-1.958663e-02
-1.973632e-02
-2.052675e-02
-2.305365e-02
-2.652935e-02
-3.189266e-02
-3.630032e-02
-3.956943e-02
-4.126853e-02
-4.221481e-02
-4.288714e-02
-4.276114e-02
-4.269101e-02
-4.255206e-02
-4.211235e-02
-4.051183e-02
-3.787755e-02
-3.458289e-02
-2.989221e-02
-2.310576e-02
-1.799503e-02
-1.195004e-02
-7.552741e-03
-4.283255e-03
-1.349549e-03
7.960154e-04
1.992980e-03
2.348319e-03
2.593747e-03
3.090422e-03
3.899075e-03
4.830851e-03
6.517787e-03
1.060023e-02
1.058440e-02
1.070658e-02
1.216463e-02
1.417922e-02
1.723084e-02
2.222868e-02
2.446249e-02
2.825605e-02
3.290634e-02
3.584545e-02
3.822573e-02
3.889174e-02
3.746439e-02
3.349525e-02
2.772101e-02
2.097581e-02
1.597282e-02
1.146386e-02
8.187262e-03
5.583284e-03
3.093054e-03
1.786120e-03
1.053898e-03
3.545366e-04
-2.071400e-04
-1.031968e-03
-1.719974e-03
-3.054239e-03
-4.598502e-03
-6.655142e-03
-9.257135e-03
-1.113158e-02
-1.251875e-02
-1.416283e-02
-1.610471e-02
-1.849905e-02
-2.149489e-02
-2.526913e-02
-2.799423e-02
-3.074281e-02
-3.640474e-02
-3.777443e-02
-4.040348e-02
-4.126287e-02
-4.194968e-02
-4.014729e-02
-3.703355e-02
-3.450758e-02
-3.254511e-02
-2.859003e-02
-2.706898e-02
-2.584930e-02
-2.431138e-02
-2.295737e-02
-2.093794e-02
-1.926535e-02
-1.902098e-02
-1.921001e-02
-2.003597e-02
-1.945047e-02
-1.792594e-02
-1.475938e-02
-1.053758e-02
-6.477688e-03
-1.064964e-03
4.175978e-03
8.230857e-03
1.140461e-02
1.348790e-02
1.527722e-02
1.698730e-02
1.919282e-02
2.132175e-02
2.350831e-02
2.605883e-02
2.782189e-02
2.805955e-02
2.666932e-02
2.388240e-02
2.064188e-02
1.758837e-02
1.514756e-02
1.281520e-02
1.130625e-02
8.476811e-03
6.741235e-03
3.979025e-03
8.544521e-04
-4.446497e-03
-7.813640e-03
-1.032919e-02
-1.371212e-02
-1.819431e-02
-2.138403e-02
-2.398970e-02
-2.730866e-02
-3.086856e-02
-3.592532e-02
-3.490477e-02
-3.323403e-02
-3.099333e-02
-2.807350e-02
-2.553902e-02
-2.270508e-02
-2.003759e-02
-1.694052e-02
-1.388267e-02
-1.223168e-02
-1.076374e-02
-1.001906e-02
-9.402649e-03
-7.875981e-03
-6.055265e-03
-4.529816e-03
-4.127551e-04
2.698451e-03
5.054568e-03
8.236212e-03
1.164932e-02
1.492697e-02
1.577315e-02
1.694704e-02
1.866411e-02
2.015140e-02
2.089438e-02
1.946264e-02
1.742285e-02
1.425570e-02
9.671170e-03
6.286500e-03
3.353179e-03
1.422432e-03
-1.157466e-04
-7.298059e-04
-3.757357e-04
9.045799e-05
5.528475e-04
1.217736e-03
1.635727e-03
1.323242e-03
-4.089710e-05
-1.581619e-03
-3.297823e-03
-5.412537e-03
-7.331920e-03
-1.008455e-02
-1.133286e-02
-1.244503e-02
-1.342376e-02
-1.460569e-02
-1.599446e-02
-1.799234e-02
-2.019892e-02
-2.116874e-02
-2.180034e-02
-2.210751e-02
-2.200249e-02
-2.139331e-02
-1.987325e-02
-1.760219e-02
-1.486053e-02
-1.180007e-02
-8.294662e-03
-5.150018e-03
-2.000129e-03
-1.735635e-04
2.994350e-03
5.224898e-03
7.105032e-03
9.395265e-03
1.179220e-02
1.365110e-02
1.593242e-02
1.852624e-02
2.150032e-02
2.385086e-02
2.425301e-02
2.418328e-02
2.256481e-02
2.011944e-02
1.751200e-02
1.511145e-02
1.313573e-02
1.304343e-02
1.417857e-02
1.667124e-02
1.975481e-02
2.020610e-02
1.964898e-02
1.764499e-02
1.328119e-02
8.576371e-03
1.064290e-03
-6.647713e-03
-1.011114e-02
-1.709301e-02
-1.906649e-02
-1.902039e-02
-1.519395e-02
-1.045430e-02
-5.598890e-03
2.898684e-03
7.722831e-03
8.704879e-03
7.692166e-03
4.901309e-03
1.826215e-03
-8.833037e-04
-3.918707e-03
-6.637684e-03
-7.964116e-03
-7.932605e-03
-5.497065e-03
-1.477046e-03
3.342373e-03
6.779504e-03
1.001779e-02
9.876952e-03
8.540319e-03
6.180839e-03
1.633946e-03
-2.903084e-03
-8.957547e-03
-1.486479e-02
-2.232918e-02
-2.740578e-02
-3.281338e-02
-3.518451e-02
-3.774249e-02
-3.722864e-02
-3.616842e-02
-3.441711e-02
-3.247489e-02
-3.081362e-02
-2.935738e-02
-2.820670e-02
-2.723017e-02
-2.604106e-02
-2.551537e-02
-2.507311e-02
-2.446639e-02
-2.374396e-02
-2.280850e-02
-2.191603e-02
-2.112552e-02
-2.079918e-02
-2.113323e-02
-2.201427e-02
-2.303918e-02
-2.476106e-02
-2.719938e-02
-2.886405e-02
-3.185186e-02
-3.297172e-02
-3.451952e-02
-3.573528e-02
-3.523104e-02
-3.447611e-02
-3.352609e-02
-3.283189e-02
-3.278783e-02
-3.249929e-02
-3.292881e-02
-3.311940e-02
-3.391229e-02
-3.522909e-02
-3.630481e-02
-3.735546e-02
-3.776871e-02
-3.812621e-02
-3.854485e-02
-3.978348e-02
-4.145419e-02
-4.313703e-02
-4.370232e-02
-4.333152e-02
-4.176911e-02
-3.931567e-02
-3.512921e-02
-2.940028e-02
-2.374821e-02
-1.563754e-02
-9.753284e-03
-4.484641e-03
6.500811e-04
7.156561e-03
9.648106e-03
9.485926e-03
8.114014e-03
6.159652e-03
4.545952e-03
3.864315e-03
5.918997e-03
8.829286e-03
1.271982e-02
1.711329e-02
1.776253e-02
1.833927e-02
1.698710e-02
1.656884e-02
1.442251e-02
1.163834e-02
7.736443e-03
1.087533e-03
-4.168677e-03
-1.202453e-02
-1.813464e-02
-2.123697e-02
-2.633820e-02
-3.295829e-02
-3.598785e-02
-4.065445e-02
-4.141511e-02
-4.276980e-02
-4.376071e-02
-4.320904e-02
-4.173892e-02
-3.940738e-02
-3.864897e-02
-3.899142e-02
-4.031067e-02
-4.293057e-02
-4.504293e-02
-4.913834e-02
-5.070797e-02
-5.151929e-02
-5.205689e-02
-5.250182e-02
-5.270545e-02
-5.443268e-02
-6.082716e-02
-6.167634e-02
-6.256122e-02
-6.251467e-02
-6.119558e-02
-5.819534e-02
-5.371298e-02
-4.630170e-02
-3.746783e-02
-2.875120e-02
-2.311060e-02
-1.487891e-02
-9.528970e-03
-3.084675e-03
6.919958e-04
-1.799179e-03
-3.230586e-03
-4.307566e-03
-7.836599e-03
-1.059688e-02
-1.222665e-02
-1.420508e-02
-1.619216e-02
-1.816806e-02
-1.967834e-02
-2.066120e-02
-2.120095e-02
-2.166731e-02
-2.245509e-02
-2.355389e-02
-2.518765e-02
-2.566321e-02
-2.585928e-02
-2.529956e-02
-2.367249e-02
-2.121768e-02
-1.831492e-02
-9.250259e-03
-5.626480e-03
-1.375987e-03
2.538114e-03
5.448736e-03
8.783647e-03
1.163834e-02
1.448502e-02
1.742822e-02
1.976230e-02
2.230801e-02
2.608532e-02
3.076494e-02
3.252361e-02
3.706001e-02
3.913176e-02
4.202514e-02
4.638327e-02
5.265299e-02
5.265583e-02
5.289988e-02
5.280272e-02
5.296192e-02
5.311408e-02
5.323564e-02
5.369713e-02
5.295112e-02
5.066698e-02
4.709687e-02
4.319531e-02
3.634637e-02
3.014458e-02
2.380186e-02
1.850494e-02
1.304593e-02
6.476889e-03
2.269962e-03
-4.924845e-03
-8.692344e-03
-1.423478e-02
-1.886731e-02
-2.317295e-02
-2.606835e-02
-3.264993e-02
-3.528804e-02
-3.800533e-02
-4.022067e-02
-4.111767e-02
-4.061601e-02
-3.872459e-02
-3.551203e-02
-3.180263e-02
-2.925406e-02
-2.700483e-02
-2.723992e-02
-2.997160e-02
-3.652783e-02
-4.287297e-02
-5.057406e-02
-5.507092e-02
-6.006937e-02
-6.022462e-02
-5.976860e-02
-5.966017e-02
-5.920354e-02
-5.920600e-02
-5.763665e-02
-5.533939e-02
-5.209244e-02
-4.735575e-02
-4.286221e-02
-3.909612e-02
-3.619375e-02
-3.159645e-02
-2.890202e-02
-2.776766e-02
-2.667530e-02
-2.522790e-02
-2.482618e-02
-2.426730e-02
-2.497528e-02
-2.700548e-02
-2.949147e-02
-3.317384e-02
-3.640442e-02
-3.895338e-02
-4.222852e-02
-4.268334e-02
-4.240394e-02
-4.102263e-02
-3.772995e-02
-3.591297e-02
-3.257558e-02
-3.118157e-02
-3.034720e-02
-3.172246e-02
-3.503277e-02
-4.059584e-02
-4.429633e-02
-4.669941e-02
-4.905893e-02
-4.601669e-02
-4.307513e-02
-3.403316e-02
-2.833060e-02
-2.250949e-02
-1.845955e-02
-1.601312e-02
-1.391173e-02
-1.000659e-02
-1.101082e-02
-1.207569e-02
-1.322482e-02
-1.258632e-02
-1.096946e-02
-9.103994e-03
-6.771334e-03
-4.446718e-03
-4.379914e-03
-1.381245e-03
-1.137307e-03
-1.177131e-04
-3.520944e-04
-1.000945e-03
-2.475392e-03
-4.397316e-03
-6.588756e-03
-8.094238e-03
-8.868097e-03
-8.674585e-03
-7.163729e-03
-5.279850e-03
-2.768652e-03
2.700586e-03
7.183851e-03
1.141595e-02
1.361813e-02
1.493387e-02
1.469555e-02
1.152292e-02
7.434122e-03
-1.271359e-03
-6.890622e-03
-1.381187e-02
-2.081204e-02
-2.684204e-02
-3.203045e-02
-3.744787e-02
-4.434783e-02
-4.445807e-02
-4.432550e-02
-4.331216e-02
-4.277426e-02
-4.181844e-02
-3.984650e-02
-3.827441e-02
-3.661925e-02
-3.530551e-02
-3.350161e-02
-3.181249e-02
-3.005062e-02
-2.793858e-02
-2.696970e-02
-2.545369e-02
-2.452224e-02
-2.468949e-02
-2.565632e-02
-2.683273e-02
-2.762030e-02
-2.927388e-02
-3.190059e-02
-3.630928e-02
-4.027037e-02
-4.531153e-02
-4.888911e-02
-5.287530e-02
-5.725744e-02
-5.819591e-02
-5.869864e-02
-5.940702e-02
-6.116976e-02
-6.350451e-02
-6.492683e-02
-6.587384e-02
-6.508121e-02
-6.193258e-02
-5.685235e-02
-5.074946e-02
-4.495295e-02
-3.897676e-02
-3.442604e-02
-3.099791e-02
-2.900154e-02
-2.754534e-02
-2.769470e-02
-2.833105e-02
-3.008925e-02
-3.106285e-02
-3.104679e-02
-3.240961e-02
-3.145183e-02
-2.804169e-02
-2.733743e-02
-2.529632e-02
-1.901458e-02
-1.903035e-02
-1.950923e-02
-1.914096e-02
-1.852041e-02
-1.648215e-02
-1.345161e-02
-1.005871e-02
-7.589586e-03
-7.596740e-03
-7.966304e-03
-8.239200e-03
-8.571817e-03
-8.903736e-03
-9.923326e-03
-1.231258e-02
-1.569100e-02
-2.011153e-02
-2.655978e-02
-3.142981e-02
-3.601453e-02
-3.998320e-02
-4.266356e-02
-4.278213e-02
-4.108486e-02
-3.824728e-02
-3.350758e-02
-2.886449e-02
-2.359340e-02
-1.686113e-02
-1.433204e-02
-1.051770e-02
-8.782755e-03
-8.796088e-03
-8.103817e-03
-9.590491e-03
-1.116264e-02
-1.352258e-02
-1.489550e-02
-1.602842e-02
-1.633683e-02
-1.518629e-02
-1.237799e-02
-8.267747e-03
-3.724302e-03
3.998304e-05
4.773471e-03
7.485596e-03
1.083507e-02
1.199062e-02
1.298899e-02
1.439587e-02
1.485679e-02
1.678935e-02
1.839306e-02
2.133528e-02
2.978845e-02
2.954467e-02
3.045134e-02
2.980033e-02
2.802612e-02
2.377497e-02
1.934461e-02
1.619066e-02
1.239830e-02
8.067315e-03
5.181486e-03
2.754586e-03
-7.226842e-04
-3.260732e-03
-6.057670e-03
-8.138726e-03
-1.201529e-02
-1.524303e-02
-1.720114e-02
-1.812364e-02
-1.855437e-02
-1.916315e-02
-1.979332e-02
-2.092059e-02
-2.126117e-02
-2.180041e-02
-2.046391e-02
-1.843250e-02
-1.527266e-02
-9.792884e-03
-7.544572e-03
-6.251038e-03
-5.595761e-03
-5.085128e-03
-4.414101e-03
-4.277799e-03
-4.033149e-03
-4.555560e-03
-5.350624e-03
-7.760689e-03
-9.321060e-03
-1.081740e-02
-1.194935e-02
-1.355386e-02
-1.355571e-02
-1.334067e-02
-1.287937e-02
-1.269533e-02
-1.253616e-02
-1.218403e-02
-1.133710e-02
-9.978427e-03
-9.257345e-03
-7.479842e-03
-5.781019e-03
-4.437312e-03
-3.552808e-03
-2.699002e-03
-1.684681e-03
-6.395759e-04
2.754413e-04
9.214369e-04
1.543857e-04
-2.654102e-03
-6.031831e-03
-9.793724e-03
-1.369531e-02
-1.692433e-02
-1.940213e-02
-1.952302e-02
-1.758839e-02
-1.097939e-02
-5.358910e-03
-9.361322e-04
3.450356e-03
8.524282e-03
1.439790e-02
1.500935e-02
1.394960e-02
1.217130e-02
9.347345e-03
4.662603e-03
1.818656e-03
-7.835779e-04
-3.292770e-03
-4.765493e-03
-5.012420e-03
-3.244202e-03
-1.200872e-04
2.267865e-03
5.684284e-03
9.859859e-03
1.231328e-02
1.572367e-02
1.519380e-02
1.342334e-02
1.141668e-02
8.000848e-03
5.579332e-03
-5.120207e-04
-3.330745e-03
-5.882766e-03
-7.104100e-03
-7.823686e-03
-7.965104e-03
-6.365599e-03
-6.062805e-03
-4.912261e-03
-3.230911e-03
-1.327962e-03
4.240800e-05
1.009405e-03
1.919788e-03
2.522598e-03
2.088480e-03
1.827671e-03
8.559047e-04
-1.030072e-03
-4.390462e-03
-8.420092e-03
-1.129959e-02
-1.469530e-02
-1.762569e-02
-1.985591e-02
-2.309457e-02
-2.554318e-02
-2.578995e-02
-2.618009e-02
-2.506084e-02
-2.253674e-02
-1.930708e-02
-1.430583e-02
-9.545920e-03
-3.538815e-03
9.321072e-04
4.505962e-03
8.371386e-03
9.625537e-03
1.060715e-02
1.157964e-02
1.251645e-02
1.285308e-02
1.241788e-02
1.122306e-02
9.516333e-03
8.480516e-03
8.042517e-03
8.023172e-03
8.339116e-03
9.166486e-03
1.082127e-02
1.527473e-02
1.879472e-02
2.164156e-02
2.403929e-02
2.507760e-02
2.350061e-02
1.867439e-02
1.213179e-02
3.363488e-03
-5.633735e-03
-1.167424e-02
-1.641074e-02
-2.036124e-02
-2.376091e-02
-2.388021e-02
-2.228187e-02
-1.970152e-02
-1.664249e-02
-1.435722e-02
-1.225615e-02
-1.107006e-02
-1.103892e-02
-1.150273e-02
-1.217845e-02
-1.274006e-02
-1.225883e-02
-1.152116e-02
-9.228582e-03
-7.938609e-03
-5.991448e-03
-4.997918e-03
-4.336446e-03
-3.808362e-03
-2.867012e-03
-1.497609e-03
1.360611e-04
3.887161e-03
2.945075e-03
2.264561e-03
2.129837e-03
2.088369e-03
1.095659e-03
4.986162e-05
-9.794259e-04
-1.965356e-03
-3.622124e-03
-6.294012e-03
-1.023779e-02
-1.495648e-02
-2.220978e-02
-2.861462e-02
-3.177377e-02
-3.526004e-02
-3.836110e-02
-4.070470e-02
-4.218310e-02
-4.381264e-02
-4.574371e-02
-4.800804e-02
-5.120180e-02
-5.390408e-02
-5.586027e-02
-5.686435e-02
-5.702401e-02
-5.546424e-02
-5.332014e-02
-5.079061e-02
-4.780751e-02
-4.516625e-02
-4.049549e-02
-3.724910e-02
-3.464301e-02
-3.224576e-02
-2.905422e-02
-2.453798e-02
-1.743255e-02
-9.870850e-03
-3.434763e-03
3.104612e-03
2.272243e-02
2.183218e-02
2.146392e-02
2.139080e-02
2.021503e-02
1.875080e-02
1.727576e-02
1.650580e-02
1.690111e-02
1.769046e-02
1.860672e-02
1.958210e-02
1.992438e-02
1.985089e-02
1.942851e-02
1.848739e-02
1.715104e-02
1.594351e-02
1.449645e-02
1.349448e-02
1.258412e-02
1.191297e-02
1.102943e-02
8.908667e-03
4.491255e-03
-1.728057e-04
-8.764233e-03
-1.902779e-02
-2.482147e-02
-3.088933e-02
-3.576413e-02
-3.971730e-02
-4.214991e-02
-4.348871e-02
-4.270045e-02
-3.989261e-02
-3.656714e-02
-3.147257e-02
-2.942960e-02
-2.910751e-02
-2.958824e-02
-3.091738e-02
-3.462546e-02
-3.786499e-02
-3.936309e-02
-4.136890e-02
-4.476530e-02
-4.531595e-02
-4.389355e-02
-4.088670e-02
-3.611391e-02
-2.795680e-02
-2.324037e-02
-1.692922e-02
-9.189704e-03
-4.711663e-03
-1.632646e-03
-1.086318e-03
-3.555827e-03
-7.454530e-03
-1.203378e-02
-1.569966e-02
-1.935383e-02
-2.086497e-02
-2.043182e-02
-1.768935e-02
-1.319365e-02
-8.351477e-03
-3.944598e-03
1.718585e-03
5.694170e-03
6.741318e-03
5.693947e-03
2.568454e-03
-1.577841e-03
-8.111284e-03
-1.436610e-02
-2.097538e-02
-2.640095e-02
-3.041237e-02
-3.639099e-02
-3.991226e-02
-4.149427e-02
-4.145199e-02
-4.054025e-02
-3.728762e-02
-3.388459e-02
-3.085184e-02
-2.812249e-02
-2.602325e-02
-2.451249e-02
-2.228444e-02
-1.941118e-02
-1.672003e-02
-1.408690e-02
-1.280163e-02
-1.023721e-02
-9.584491e-03
-9.220484e-03
-9.048646e-03
-1.045027e-02
-1.169650e-02
-1.337881e-02
-1.482751e-02
-1.569638e-02
-1.566695e-02
-1.319141e-02
-9.684914e-03
-3.074007e-03
2.351587e-03
7.449114e-03
1.089232e-02
1.065225e-02
7.420496e-03
3.724829e-04
-6.367817e-03
-1.591838e-02
-2.270745e-02
-2.937499e-02
-3.032563e-02
-2.932017e-02
-2.674461e-02
-2.291578e-02
-1.947917e-02
-1.615063e-02
-1.388429e-02
-1.155503e-02
-7.765975e-03
-5.799574e-03
-3.129267e-03
2.408787e-04
5.231463e-03
9.677019e-03
1.321844e-02
1.532128e-02
1.511081e-02
1.333329e-02
1.051495e-02
5.619696e-03
2.161110e-03
-4.059484e-04
-2.834282e-03
-4.452128e-03
-5.309687e-03
-6.166424e-03
-6.494907e-03
-7.489080e-03
-8.238367e-03
-1.056849e-02
-1.370379e-02
-1.917379e-02
-2.351695e-02
-2.901235e-02
-3.468560e-02
-3.853498e-02
-4.124579e-02
-4.005205e-02
-3.560359e-02
-2.873265e-02
-1.973024e-02
-1.232423e-02
-6.239121e-03
-1.113862e-03
1.440203e-03
1.618714e-03
3.317845e-04
-2.750370e-03
-4.834909e-03
-6.641505e-03
-7.441596e-03
-7.805287e-03
-7.808291e-03
-7.547257e-03
-6.867701e-03
-5.948161e-03
-5.812776e-03
-5.508563e-03
-6.400284e-03
-7.154036e-03
-9.225937e-03
-1.251752e-02
-1.631627e-02
-2.145590e-02
-3.040530e-02
-3.813455e-02
-4.048398e-02
-4.249101e-02
-4.435004e-02
-4.510517e-02
-4.560773e-02
-4.887572e-02
-4.926481e-02
-5.029417e-02
-5.013570e-02
-4.940053e-02
-4.814044e-02
-4.674587e-02
-4.454879e-02
-4.277223e-02
-4.098924e-02
-4.046135e-02
-4.065743e-02
-4.152844e-02
-4.210480e-02
-4.313535e-02
-4.296965e-02
-4.244627e-02
-4.079555e-02
-3.845853e-02
-3.568523e-02
-3.205983e-02
-2.992541e-02
-2.821313e-02
-2.693186e-02
-2.720607e-02
-2.899021e-02
-3.134419e-02
-3.373117e-02
-3.616842e-02
-3.684053e-02
-3.691387e-02
-3.629728e-02
-3.547708e-02
-3.385709e-02
-3.195444e-02
-3.134553e-02
-3.102397e-02
-3.072389e-02
-3.067443e-02
-3.027443e-02
-2.917021e-02
-2.791043e-02
-2.624660e-02
-2.347632e-02
-2.127382e-02
-1.831980e-02
-1.580927e-02
-1.284633e-02
-1.055873e-02
-9.018828e-03
-8.690141e-03
-8.635184e-03
-8.599753e-03
-9.217739e-03
-1.151792e-02
-1.414982e-02
-1.671717e-02
-1.933831e-02
-2.243355e-02
-2.534947e-02
-2.797495e-02
-3.023425e-02
-3.196281e-02
-3.456969e-02
-3.591521e-02
-3.677431e-02
-3.764756e-02
-3.769524e-02
-3.722591e-02
-3.709185e-02
-3.631388e-02
-3.542964e-02
-3.380609e-02
-3.277758e-02
-3.173875e-02
-3.110938e-02
-2.967588e-02
-2.792765e-02
-2.626055e-02
-2.419929e-02
-2.251659e-02
-1.802634e-02
-1.555272e-02
-1.275542e-02
-1.241026e-02
-1.279192e-02
-1.298969e-02
-1.401381e-02
-1.486524e-02
-1.473194e-02
-1.371915e-02
-1.148088e-02
-7.743777e-03
-3.922319e-03
-1.228434e-03
-2.779291e-04
-9.327300e-05
-1.688939e-03
-4.378794e-03
-7.174033e-03
-9.201104e-03
-1.211767e-02
-1.389722e-02
-1.599381e-02
-1.770040e-02
-1.899467e-02
-1.975898e-02
-1.925829e-02
-1.832226e-02
-1.666881e-02
-1.593103e-02
-1.515013e-02
-1.415185e-02
-1.316196e-02
-1.298656e-02
-1.067195e-02
-9.444343e-03
-7.368082e-03
-5.370814e-03
-3.155638e-03
-8.049142e-04
1.085085e-03
2.056099e-03
3.666615e-03
7.423909e-03
7.397969e-03
7.178903e-03
6.805227e-03
5.994421e-03
4.665928e-03
2.203997e-03
1.610326e-03
1.358469e-03
1.449024e-03
6.481021e-04
-4.514900e-04
-2.343337e-03
-3.866683e-03
-6.489788e-03
-1.013611e-02
-1.335689e-02
-1.508657e-02
-1.736194e-02
-1.813015e-02
-1.988462e-02
-1.982444e-02
-1.830650e-02
-1.528186e-02
-1.179757e-02
-8.901110e-03
-4.245468e-03
9.798073e-06
4.141264e-03
6.419562e-03
8.783784e-03
1.132551e-02
1.150879e-02
1.183675e-02
1.081044e-02
1.028482e-02
7.581745e-03
5.092562e-03
2.663070e-03
-1.769560e-03
-5.155435e-03
-9.951368e-03
-1.329973e-02
-1.514276e-02
-1.699648e-02
-1.998476e-02
-2.146398e-02
-2.197406e-02
-2.039327e-02
-1.825217e-02
-1.299873e-02
-9.771433e-03
-4.190896e-03
-1.191954e-03
1.025818e-03
2.051323e-03
2.759990e-03
2.942121e-03
2.974942e-03
3.197335e-03
3.129938e-03
2.625093e-03
1.993262e-03
8.224787e-04
-3.948223e-04
-1.589332e-03
-2.663769e-03
-3.529086e-03
-4.758399e-03
-6.133748e-03
-7.832297e-03
-9.635300e-03
-1.123243e-02
-1.132830e-02
-1.006864e-02
-5.697452e-03
-2.589536e-03
-2.797510e-04
3.489424e-03
4.261701e-03
2.713155e-03
-1.647333e-03
-4.159465e-03
-8.163156e-03
-1.523568e-02
-1.598596e-02
-1.445581e-02
-1.200501e-02
-5.961092e-03
-7.616310e-04
4.369588e-03
6.884015e-03
1.218385e-02
1.518061e-02
1.830335e-02
2.196622e-02
2.423377e-02
2.632790e-02
2.695769e-02
2.577157e-02
2.405271e-02
1.953659e-02
1.783513e-02
1.716166e-02
1.851299e-02
2.182853e-02
2.587930e-02
2.949848e-02
3.121543e-02
3.241365e-02
3.102196e-02
2.957318e-02
2.718037e-02
2.486924e-02
2.144175e-02
1.890162e-02
1.688651e-02
1.488232e-02
1.299582e-02
1.044969e-02
9.197660e-03
6.638663e-03
4.831490e-03
-1.901889e-04
-2.667697e-03
-4.266297e-03
-6.450053e-03
-7.447644e-03
-6.982547e-03
-6.056419e-03
-5.404648e-03
-2.553963e-03
-2.746226e-03
-3.281873e-03
-4.535132e-03
-8.622659e-03
-1.160963e-02
-1.390063e-02
-1.640175e-02
-1.803131e-02
-1.839189e-02
-1.850952e-02
-1.914535e-02
-2.023167e-02
-2.210028e-02
-2.525161e-02
-2.793803e-02
-3.002882e-02
-3.146107e-02
-3.257268e-02
-3.301070e-02
-3.317045e-02
-3.342215e-02
-3.235314e-02
-3.095230e-02
-2.820393e-02
-2.324280e-02
-1.871557e-02
-1.221460e-02
-7.930062e-03
-5.166312e-03
-3.399153e-03
-2.443893e-03
-1.770883e-03
-1.493314e-03
-9.564197e-04
-3.526557e-04
-2.924660e-04
-5.956016e-04
-1.298618e-03
-1.927872e-03
-3.739325e-03
-3.867552e-03
-4.192437e-03
-4.678550e-03
-4.481260e-03
-4.360219e-03
-5.506755e-03
-6.872530e-03
-9.894812e-03
-1.134010e-02
-1.284630e-02
-1.475261e-02
-1.614422e-02
-1.689690e-02
-1.678146e-02
-1.552197e-02
-1.367174e-02
-1.225925e-02
-1.187856e-02
-9.647585e-03
-9.538662e-03
-9.321866e-03
-8.428142e-03
-7.548226e-03
-6.724769e-03
-5.685596e-03
-5.000462e-03
-5.515974e-03
-5.861924e-03
-7.156104e-03
-8.539464e-03
-9.934973e-03
-1.229455e-02
-1.456274e-02
-1.798935e-02
-2.142171e-02
-2.517987e-02
-2.990239e-02
-3.180432e-02
-3.210566e-02
-3.049666e-02
-2.603484e-02
-2.295929e-02
-1.723047e-02
-1.367424e-02
-1.288459e-02
-1.175600e-02
-1.189573e-02
-1.287278e-02
-1.363465e-02
-1.445752e-02
-1.522936e-02
-1.638613e-02
-2.061567e-02
-2.376350e-02
-2.641016e-02
-2.858316e-02
-3.243511e-02
-3.459157e-02
-3.366780e-02
-3.171315e-02
-2.934261e-02
-2.682563e-02
-2.422974e-02
-2.220364e-02
-2.208780e-02
-2.232884e-02
-2.274225e-02
-2.205806e-02
-2.027396e-02
-1.700066e-02
-1.403891e-02
-1.042772e-02
-5.857240e-03
-2.716514e-03
-2.872889e-04
9.195591e-04
2.353963e-04
-2.138750e-03
-6.588570e-03
-1.147242e-02
-1.534660e-02
-1.868317e-02
-2.047587e-02
-2.148766e-02
-2.091089e-02
-1.945581e-02
-1.758541e-02
-1.546504e-02
-1.393241e-02
-1.270111e-02
-1.218030e-02
-1.260122e-02
-1.338467e-02
-1.518670e-02
-1.668146e-02
-1.926065e-02
-2.018124e-02
-1.994957e-02
-1.809147e-02
-1.733781e-02
-1.593874e-02
-1.506583e-02
-1.360757e-02
-1.071034e-02
-7.991955e-03
-4.734632e-03
-8.195713e-04
1.225162e-03
2.901144e-03
3.768883e-03
4.287516e-03
4.075305e-03
3.254188e-03
2.013272e-03
2.540172e-04
-5.111930e-04
-5.400807e-04
1.969282e-04
1.648101e-03
3.791206e-03
5.556583e-03
6.934618e-03
7.257073e-03
6.740304e-03
5.076966e-03
2.503581e-03
-8.207908e-05
-3.090732e-03
-6.792462e-03
-8.694328e-03
-8.715084e-03
-7.199591e-03
-4.220938e-03
-2.009547e-03
3.315483e-03
5.939701e-03
8.542737e-03
1.047831e-02
1.147146e-02
1.225239e-02
1.335073e-02
1.445198e-02
1.519220e-02
1.565902e-02
1.603279e-02
1.620838e-02
1.665445e-02
1.715941e-02
1.834374e-02
1.836650e-02
1.805631e-02
1.775468e-02
1.715795e-02
1.621726e-02
1.472226e-02
1.278437e-02
1.135386e-02
1.002959e-02
1.041807e-02
1.147774e-02
1.411111e-02
1.587637e-02
1.786216e-02
1.735707e-02
1.517123e-02
1.124033e-02
5.496833e-03
6.244520e-04
-3.141781e-03
-5.404720e-03
-7.121493e-03
-7.887633e-03
-8.185269e-03
-8.395551e-03
-9.078692e-03
-1.006905e-02
-1.152199e-02
-1.311843e-02
-1.420282e-02
-1.448009e-02
-1.296684e-02
-9.380027e-03
-5.761569e-03
-1.522646e-03
3.237046e-03
6.678279e-03
8.030778e-03
6.605123e-03
2.712457e-03
-2.725574e-03
-8.867804e-03
-1.363994e-02
-2.106486e-02
-2.786063e-02
-3.082104e-02
-3.355408e-02
-3.462378e-02
-3.533799e-02
-3.560217e-02
-3.505707e-02
-3.326929e-02
-3.072626e-02
-2.807454e-02
-2.515347e-02
-2.158644e-02
-1.834864e-02
-1.436250e-02
-1.132898e-02
-8.034544e-03
-6.676314e-03
-5.939374e-03
-5.707981e-03
-5.479852e-03
-5.152716e-03
-4.179230e-03
-3.213730e-03
-1.510257e-03
-4.580205e-04
3.460983e-04
4.629552e-04
3.967036e-05
-2.835639e-04
-4.007839e-04
1.516415e-04
1.539878e-03
4.258461e-03
6.682192e-03
7.900270e-03
8.192408e-03
6.095504e-03
2.491501e-03
-2.623477e-03
-8.007974e-03
-1.213385e-02
-1.523714e-02
-1.808249e-02
-1.928710e-02
-1.973844e-02
-2.186255e-02
-2.290769e-02
-2.422795e-02
-2.600348e-02
-2.882557e-02
-3.075812e-02
-3.200309e-02
-3.507708e-02
-3.475118e-02
-3.331803e-02
-3.159439e-02
-2.856240e-02
-2.577756e-02
-2.163642e-02
-1.483740e-02
-7.620967e-03
-9.534585e-04
5.568797e-03
1.028533e-02
1.265651e-02
1.394858e-02
1.212410e-02
9.019933e-03
3.966381e-03
-2.230049e-04
-3.519748e-03
-8.201233e-03
-1.069997e-02
-1.261847e-02
-1.447025e-02
-1.533568e-02
-1.640206e-02
-1.669564e-02
-1.682941e-02
-1.666564e-02
-1.573668e-02
-1.493685e-02
-1.407500e-02
-1.293567e-02
-1.123331e-02
-8.243197e-03
-4.321241e-03
1.172267e-03
7.469407e-03
1.189263e-02
1.563586e-02
1.838963e-02
1.892963e-02
1.864961e-02
1.771942e-02
1.633675e-02
1.360524e-02
9.062167e-03
7.300180e-03
6.072463e-03
5.059493e-03
4.630473e-03
3.902987e-03
3.632024e-03
3.064131e-03
2.404870e-03
3.718875e-03
2.489468e-03
8.188719e-04
-1.851308e-03
-4.877289e-03
-8.561208e-03
-1.342639e-02
-1.614845e-02
-1.739796e-02
-1.718416e-02
-1.533509e-02
-1.221897e-02
-8.114639e-03
-3.549287e-03
1.567596e-04
2.582445e-03
4.147911e-03
4.083973e-03
4.042359e-03
3.592997e-03
2.672964e-03
2.537654e-03
2.626750e-03
3.423712e-03
4.245655e-03
5.795577e-03
6.552069e-03
6.011861e-03
4.731654e-03
3.247420e-03
1.852573e-03
1.568387e-03
2.376051e-03
4.625615e-03
7.976136e-03
1.526009e-02
2.229142e-02
2.925463e-02
3.343522e-02
3.652136e-02
3.871511e-02
3.816431e-02
3.635879e-02
3.354419e-02
3.116740e-02
2.831275e-02
2.401534e-02
2.113209e-02
1.816759e-02
1.471806e-02
1.007758e-02
4.920262e-03
4.980400e-04
-3.732917e-03
-5.293121e-03
-4.980521e-03
-1.402218e-03
5.862940e-03
1.206919e-02
2.059934e-02
2.591284e-02
2.888826e-02
2.862975e-02
2.539015e-02
2.006888e-02
1.547515e-02
1.062774e-02
8.049362e-03
6.893003e-03
6.695597e-03
7.890275e-03
1.036039e-02
1.319984e-02
1.650245e-02
1.960126e-02
2.133621e-02
2.123716e-02
1.949155e-02
1.707365e-02
1.330574e-02
8.942594e-03
3.867857e-03
-1.904738e-03
-8.786002e-03
-1.396637e-02
-2.029075e-02
-2.725698e-02
-2.937108e-02
-3.054021e-02
-3.029722e-02
-2.884483e-02
-2.456181e-02
-2.010005e-02
-1.512823e-02
-9.810738e-03
-5.191965e-03
-3.511023e-03
-2.802176e-03
-3.148410e-03
-4.149785e-03
-6.401128e-03
-8.091125e-03
-1.107886e-02
-1.328295e-02
-1.625793e-02
-1.753565e-02
-1.827161e-02
-1.763367e-02
-1.651469e-02
-1.417929e-02
-1.200645e-02
-1.026039e-02
-8.965795e-03
-8.002538e-03
-7.444191e-03
-7.182662e-03
-7.074241e-03
-7.280506e-03
-8.177973e-03
-9.466199e-03
-1.149413e-02
-1.346940e-02
-1.576046e-02
-1.764199e-02
-1.935074e-02
-2.124347e-02
-2.267558e-02
-2.365095e-02
-2.395224e-02
-2.381117e-02
-2.369623e-02
-2.365143e-02
-2.397640e-02
-2.369161e-02
-2.357238e-02
-2.370704e-02
-2.387930e-02
-2.431789e-02
-2.565549e-02
-2.698138e-02
-2.765908e-02
-2.775838e-02
-2.721962e-02
-2.614936e-02
-2.374276e-02
-2.371299e-02
-2.417659e-02
-2.607582e-02
-3.069960e-02
-3.377372e-02
-3.572167e-02
-3.644946e-02
-3.478101e-02
-3.063048e-02
-2.287658e-02
-1.391536e-02
-4.734668e-03
2.379700e-03
5.796201e-03
6.393030e-03
5.491574e-03
3.357293e-03
8.881588e-04
-2.711576e-03
-5.946264e-03
-8.588926e-03
-1.012492e-02
-9.935119e-03
-9.602470e-03
-7.800709e-03
-8.216339e-03
-7.879649e-03
-8.466532e-03
-9.387970e-03
-1.045183e-02
-1.261559e-02
-1.557446e-02
-1.889049e-02
-2.277218e-02
-2.525741e-02
-2.667840e-02
-2.860451e-02
-2.784099e-02
-2.645756e-02
-2.487771e-02
-2.311115e-02
-2.181015e-02
-2.094617e-02
-2.114011e-02
-2.240961e-02
-2.329881e-02
-2.402449e-02
-2.452477e-02
-2.354986e-02
-1.819797e-02
-1.661897e-02
-9.374699e-03
-7.673822e-03
-3.192349e-03
-2.246057e-03
-2.458470e-03
-2.142467e-03
-1.671465e-03
-3.322519e-03
-4.349147e-03
-4.068501e-03
-2.468321e-03
6.187794e-05
1.543094e-03
4.611944e-03
4.220863e-03
1.727282e-03
-4.466668e-03
-1.105900e-02
-1.639776e-02
-2.698174e-02
-3.104651e-02
-3.414418e-02
-3.488721e-02
-3.449479e-02
-3.332545e-02
-3.105582e-02
-2.933913e-02
-2.685162e-02
-2.486260e-02
-2.234904e-02
-1.993316e-02
-1.873828e-02
-1.865655e-02
-1.964759e-02
-2.134404e-02
-2.469924e-02
-2.779708e-02
-3.098134e-02
-3.313185e-02
-3.563795e-02
-3.678576e-02
-3.721947e-02
-3.675152e-02
-3.583855e-02
-3.455809e-02
-3.338248e-02
-3.240807e-02
-3.156698e-02
-3.125025e-02
-3.116769e-02
-3.165968e-02
-3.335284e-02
-3.480633e-02
-3.495049e-02
-3.434110e-02
-3.355962e-02
-3.264020e-02
-3.158326e-02
-2.961945e-02
-2.729174e-02
-2.322608e-02
-2.123042e-02
-1.850899e-02
-1.797980e-02
-1.777695e-02
-1.656737e-02
-1.708695e-02
-1.706027e-02
-1.700266e-02
-1.700655e-02
-1.587204e-02
-1.431200e-02
-1.263624e-02
-1.082115e-02
-9.857126e-03
-9.677046e-03
-1.011909e-02
-1.064593e-02
-1.170900e-02
-1.318663e-02
-1.492239e-02
-1.724281e-02
-1.940162e-02
-2.041573e-02
-2.022688e-02
-1.846439e-02
-1.622038e-02
-1.266168e-02
-9.940357e-03
-4.939280e-03
-3.448712e-03
-3.440614e-03
-3.895042e-03
-6.509181e-03
-9.649739e-03
-1.420194e-02
-2.184898e-02
-2.890146e-02
-3.302380e-02
-3.986405e-02
-4.390112e-02
-4.642894e-02
-5.035027e-02
-5.257830e-02
-5.258089e-02
-5.287827e-02
-5.183387e-02
-5.047128e-02
-4.848781e-02
-4.760954e-02
-4.687235e-02
-4.561038e-02
-4.348639e-02
-4.040978e-02
-3.668676e-02
-3.119027e-02
-2.731769e-02
-2.244008e-02
-1.564240e-02
-9.109543e-03
-8.267629e-03
-8.010562e-03
-8.306833e-03
-9.100798e-03
-9.551413e-03
-8.813022e-03
-7.090270e-03
-1.456121e-03
2.889701e-03
7.475104e-03
1.030617e-02
1.144525e-02
1.062078e-02
8.632214e-03
5.624374e-03
2.608389e-03
1.188927e-03
1.031031e-03
2.764076e-03
5.946836e-03
1.124643e-02
1.509112e-02
2.169326e-02
3.262530e-02
3.494939e-02
4.126292e-02
4.308298e-02
4.341194e-02
4.299705e-02
4.208100e-02
4.113751e-02
3.898453e-02
3.604039e-02
3.194939e-02
2.818670e-02
2.465224e-02
2.137069e-02
1.788559e-02
1.509571e-02
1.274057e-02
9.928025e-03
4.194208e-03
