0.086236
0.086247
0.086258
0.086269
0.08628
0.086291
0.086302
0.086313
0.086324
0.086335
0.086346
0.086357
0.086368
0.086379
0.08639
0.086401
0.086412
0.086423
0.086434
0.086445
0.086456
0.086467
0.086478
0.086489
0.0865
0.086511
0.086522
0.086533
0.086544
0.086555
0.086566
0.086577
0.086588
0.086599
0.08661
0.086621
0.086632
0.086643
0.086654
0.086665
0.086676
0.086687
0.086698
0.086709
0.08672
0.086731
0.086742
0.086753
0.086764
0.086775
0.086786
0.086797
0.086808
0.086819
0.08683
0.086841
0.086852
0.086863
0.086874
0.086885
0.086896
0.086907
0.086918
0.086929
0.08694
0.086951
0.086962
0.086973
0.086984
0.086995
0.087006
0.087017
0.087028
0.087039
0.08705
0.087061
0.087072
0.087083
0.087094
0.087105
0.087116
0.087127
0.087138
0.087149
0.08716
0.087171
0.087182
0.087193
0.087204
0.087215
0.087226
0.087237
0.087248
0.087259
0.08727
0.087281
0.087292
0.087303
0.087314
0.087325
0.087336
0.087347
0.087358
0.087369
0.08738
0.087391
0.087402
0.087413
0.087424
0.087435
0.087446
0.087457
0.087468
0.087479
0.08749
0.087501
0.087512
0.087523
0.087534
0.087545
0.087556
0.087567
0.087578
0.087589
0.0876
0.087611
0.087622
0.087633
0.087644
0.087655
0.087666
0.087677
0.087688
0.087699
0.08771
0.087721
0.087732
0.087743
0.087754
0.087765
0.087776
0.087787
0.087798
0.087809
0.08782
0.087831
0.087842
0.087853
0.087864
0.087875
0.087886
0.087897
0.087908
0.087919
0.08793
0.087941
0.087952
0.087963
0.087974
0.087985
0.087996
0.088007
0.088018
0.088029
0.08804
0.088051
0.088062
0.088073
0.088084
0.088095
0.088106
0.088117
0.088128
0.088139
0.08815
0.088161
0.088172
0.088183
0.088194
0.088205
0.088216
0.088227
0.088238
0.088249
0.08826
0.088271
0.088282
0.088293
0.088304
0.088315
0.088326
0.088337
0.088348
0.088359
0.08837
0.088381
0.088392
0.088403
0.088414
0.088425
0.088436
0.088447
0.088458
0.088469
0.08848
0.088491
0.088502
0.088513
0.088524
0.088535
0.088546
0.088557
0.088568
0.088579
0.08859
0.088601
0.088612
0.088623
0.088634
0.088645
0.088656
0.088667
0.088678
0.088689
0.0887
0.088711
0.088722
0.088733
0.088744
0.088755
0.088766
0.088777
0.088788
0.088799
0.08881
0.088821
0.088832
0.088843
0.088854
0.088865
0.088876
0.088887
0.088898
0.088909
0.08892
0.088931
0.088942
0.088953
0.088964
0.088975
0.088986
0.088997
0.089008
0.089019
0.08903
0.089041
0.089052
0.089063
0.089074
0.089085
0.089096
0.089107
0.089118
0.089129
0.08914
0.089151
0.089162
0.089173
0.089184
0.089195
0.089206
0.089217
0.089228
0.089239
0.08925
0.089261
0.089272
0.089283
0.089294
0.089305
0.089316
0.089327
0.089338
0.089349
0.08936
0.089371
0.089382
0.089393
0.089404
0.089415
0.089426
0.089437
0.089448
0.089459
0.08947
0.089481
0.089492
0.089503
0.089514
0.089525
0.089536
0.089547
0.089558
0.089569
0.08958
0.089591
0.089602
0.089613
0.089624
0.089635
0.089646
0.089657
0.089668
0.089679
0.08969
0.089701
0.089712
0.089723
0.089734
0.089745
0.089756
0.089767
0.089778
0.089789
0.0898
0.089811
0.089822
0.089833
0.089844
0.089855
0.089866
0.089877
0.089888
0.089899
0.08991
0.089921
0.089932
0.089943
0.089954
0.089965
0.089976
0.089987
0.089998
0.090009
0.09002
0.090031
0.090042
0.090053
0.090064
0.090075
0.090086
0.090097
0.090108
0.090119
0.09013
0.090141
0.090152
0.090163
0.090174
0.090185
0.090196
0.090207
0.090218
0.090229
0.09024
0.090251
0.090262
0.090273
0.090284
0.090295
0.090306
0.090317
0.090328
0.090339
0.09035
0.090361
0.090372
0.090383
0.090394
0.090405
0.090416
0.090427
0.090438
0.090449
0.09046
0.090471
0.090482
0.090493
0.090504
0.090515
0.090526
0.090537
0.090548
0.090559
0.09057
0.090581
0.090592
0.090603
0.090614
0.090625
0.090636
0.090647
0.090658
0.090669
0.09068
0.090691
0.090702
0.090713
0.090724
0.090735
0.090746
0.090757
0.090768
0.090779
0.09079
0.090801
0.090812
0.090823
0.090834
0.090845
0.090856
0.090867
0.090878
0.090889
0.0909
0.090911
0.090922
0.090933
0.090944
0.090955
0.090966
0.090977
0.090988
0.090999
0.09101
0.091021
0.091032
0.091043
0.091054
0.091065
0.091076
0.091087
0.091098
0.091109
0.09112
0.091131
0.091142
0.091153
0.091164
0.091175
0.091186
0.091197
0.091208
0.091219
0.09123
0.091241
0.091252
0.091263
0.091274
0.091285
0.091296
0.091307
0.091318
0.091329
0.09134
0.091351
0.091362
0.091373
0.091384
0.091395
0.091406
0.091417
0.091428
0.091439
0.09145
0.091461
0.091472
0.091483
0.091494
0.091505
0.091516
0.091527
0.091538
0.091549
0.09156
0.091571
0.091582
0.091593
0.091604
0.091615
0.091626
0.091637
0.091648
0.091659
0.09167
0.091681
0.091692
0.091703
0.091714
0.091725
0.091736
0.091747
0.091758
0.091769
0.09178
0.091791
0.091802
0.091813
0.091824
0.091835
0.091846
0.091857
0.091868
0.091879
0.09189
0.091901
0.091912
0.091923
0.091934
0.091945
0.091956
0.091967
0.091978
0.091989
0.092
0.092011
0.092022
0.092033
0.092044
0.092055
0.092066
0.092077
0.092088
0.092099
0.09211
0.092121
0.092132
0.092143
0.092154
0.092165
0.092176
0.092187
0.092198
0.092209
0.09222
0.092231
0.092242
0.092253
0.092264
0.092275
0.092286
0.092297
0.092308
0.092319
0.09233
0.092341
0.092352
0.092363
0.092374
0.092385
0.092396
0.092407
0.092418
0.092429
0.09244
0.092451
0.092462
0.092473
0.092484
0.092495
0.092506
0.092517
0.092528
0.092539
0.09255
0.092561
0.092572
0.092583
0.092594
0.092605
0.092616
0.092627
0.092638
0.092649
0.09266
0.092671
0.092682
0.092693
0.092704
0.092715
0.092726
0.092737
0.092748
0.092759
0.09277
0.092781
0.092792
0.092803
0.092814
0.092825
0.092836
0.092847
0.092858
0.092869
0.09288
0.092891
0.092902
0.092913
0.092924
0.092935
0.092946
0.092957
0.092968
0.092979
0.09299
0.093001
0.093012
0.093023
0.093034
0.093045
0.093056
0.093067
0.093078
0.093089
0.0931
0.093111
0.093122
0.093133
0.093144
0.093155
0.093166
0.093177
0.093188
0.093199
0.09321
0.093221
0.093232
0.093243
0.093254
0.093265
0.093276
0.093287
0.093298
0.093309
0.09332
0.093331
0.093342
0.093353
0.093364
0.093375
0.093386
0.093397
0.093408
0.093419
0.09343
0.093441
0.093452
0.093463
0.093474
0.093485
0.093496
0.093507
0.093518
0.093529
0.09354
0.093551
0.093562
0.093573
0.093584
0.093595
0.093606
0.093617
0.093628
0.093639
0.09365
0.093661
0.093672
0.093683
0.093694
0.093705
0.093716
0.093727
0.093738
0.093749
0.09376
0.093771
0.093782
0.093793
0.093804
0.093815
0.093826
0.093837
0.093848
0.093859
0.09387
0.093881
0.093892
0.093903
0.093914
0.093925
0.093936
0.093947
0.093958
0.093969
0.09398
0.093991
0.094002
0.094013
0.094024
0.094035
0.094046
0.094057
0.094068
0.094079
0.09409
0.094101
0.094112
0.094123
0.094134
0.094145
0.094156
0.094167
0.094178
0.094189
0.0942
0.094211
0.094222
0.094233
0.094244
0.094255
0.094266
0.094277
0.094288
0.094299
0.09431
0.094321
0.094332
0.094343
0.094354
0.094365
0.094376
0.094387
0.094398
0.094409
0.09442
0.094431
0.094442
0.094453
0.094464
0.094475
0.094486
0.094497
0.094508
0.094519
0.09453
0.094541
0.094552
0.094563
0.094574
0.094585
0.094596
0.094607
0.094618
0.094629
0.09464
0.094651
0.094662
0.094673
0.094684
0.094695
0.094706
0.094717
0.094728
0.094739
0.09475
0.094761
0.094772
0.094783
0.094794
0.094805
0.094816
0.094827
0.094838
0.094849
0.09486
0.094871
0.094882
0.094893
0.094904
0.094915
0.094926
0.094937
0.094948
0.094959
0.09497
0.094981
0.094992
0.095003
0.095014
0.095025
0.095036
0.095047
0.095058
0.095069
0.09508
0.095091
0.095102
0.095113
0.095124
0.095135
0.095146
0.095157
0.095168
0.095179
0.09519
0.095201
0.095212
0.095223
0.095234
0.095245
0.095256
0.095267
0.095278
0.095289
0.0953
0.095311
0.095322
0.095333
0.095344
0.095355
0.095366
0.095377
0.095388
0.095399
0.09541
0.095421
0.095432
0.095443
0.095454
0.095465
0.095476
0.095487
0.095498
0.095509
0.09552
0.095531
0.095542
0.095553
0.095564
0.095575
0.095586
0.095597
0.095608
0.095619
0.09563
0.095641
0.095652
0.095663
0.095674
0.095685
0.095696
0.095707
0.095718
0.095729
0.09574
0.095751
0.095762
0.095773
0.095784
0.095795
0.095806
0.095817
0.095828
0.095839
0.09585
0.095861
0.095872
0.095883
0.095894
0.095905
0.095916
0.095927
0.095938
0.095949
0.09596
0.095971
0.095982
0.095993
0.096004
0.096015
0.096026
0.096037
0.096048
0.096059
0.09607
0.096081
0.096092
0.096103
0.096114
0.096125
0.096136
0.096147
0.096158
0.096169
0.09618
0.096191
0.096202
0.096213
0.096224
0.096235
0.096246
0.096257
0.096268
0.096279
0.09629
0.096301
0.096312
0.096323
0.096334
0.096345
0.096356
0.096367
0.096378
0.096389
0.0964
0.096411
0.096422
0.096433
0.096444
0.096455
0.096466
0.096477
0.096488
0.096499
0.09651
0.096521
0.096532
0.096543
0.096554
0.096565
0.096576
0.096587
0.096598
0.096609
0.09662
0.096631
0.096642
0.096653
0.096664
0.096675
0.096686
0.096697
0.096708
0.096719
0.09673
0.096741
0.096752
0.096763
0.096774
0.096785
0.096796
0.096807
0.096818
0.096829
0.09684
0.096851
0.096862
0.096873
0.096884
0.096895
0.096906
0.096917
0.096928
0.096939
0.09695
0.096961
0.096972
0.096983
0.096994
0.097005
0.097016
0.097027
0.097038
0.097049
0.09706
0.097071
0.097082
0.097093
0.097104
0.097115
0.097126
0.097137
0.097148
0.097159
0.09717
0.097181
0.097192
0.097203
0.097214
0.097225
0.097236
0.097247
0.097258
0.097269
0.09728
0.097291
0.097302
0.097313
0.097324
0.097335
0.097346
0.097357
0.097368
0.097379
0.09739
0.097401
0.097412
0.097423
0.097434
0.097445
0.097456
0.097467
0.097478
0.097489
0.0975
0.097511
0.097522
0.097533
0.097544
0.097555
0.097566
0.097577
0.097588
0.097599
0.09761
0.097621
0.097632
0.097643
0.097654
0.097665
0.097676
0.097687
0.097698
0.097709
0.09772
0.097731
0.097742
0.097753
0.097764
0.097775
0.097786
0.097797
0.097808
0.097819
0.09783
0.097841
0.097852
0.097863
0.097874
0.097885
0.097896
0.097907
0.097918
0.097929
0.09794
0.097951
0.097962
0.097973
0.097984
0.097995
0.098006
0.098017
0.098028
0.098039
0.09805
0.098061
0.098072
0.098083
0.098094
0.098105
0.098116
0.098127
0.098138
0.098149
0.09816
0.098171
0.098182
0.098193
0.098204
0.098215
0.098226
0.098237
0.098248
0.098259
0.09827
0.098281
0.098292
0.098303
0.098314
0.098325
0.098336
0.098347
0.098358
0.098369
0.09838
0.098391
0.098402
0.098413
0.098424
0.098435
0.098446
0.098457
0.098468
0.098479
0.09849
0.098501
0.098512
0.098523
0.098534
0.098545
0.098556
0.098567
0.098578
0.098589
0.0986
0.098611
0.098622
0.098633
0.098644
0.098655
0.098666
0.098677
0.098688
0.098699
0.09871
0.098721
0.098732
0.098743
0.098754
0.098765
0.098776
0.098787
0.098798
0.098809
0.09882
0.098831
0.098842
0.098853
0.098864
0.098875
0.098886
0.098897
0.098908
0.098919
0.09893
0.098941
0.098952
0.098963
0.098974
0.098985
0.098996
0.099007
0.099018
0.099029
0.09904
0.099051
0.099062
0.099073
0.099084
0.099095
0.099106
0.099117
0.099128
0.099139
0.09915
0.099161
0.099172
0.099183
0.099194
0.099205
0.099216
0.099227
0.099238
0.099249
0.09926
0.099271
0.099282
0.099293
0.099304
0.099315
0.099326
0.099337
0.099348
0.099359
0.09937
0.099381
0.099392
0.099403
0.099414
0.099425
0.099436
0.099447
0.099458
0.099469
0.09948
0.099491
0.099502
0.099513
0.099524
0.099535
0.099546
0.099557
0.099568
0.099579
0.09959
0.099601
0.099612
0.099623
0.099634
0.099645
0.099656
0.099667
0.099678
0.099689
0.0997
0.099711
0.099722
0.099733
0.099744
0.099755
0.099766
0.099777
0.099788
0.099799
0.09981
0.099821
0.099832
0.099843
0.099854
0.099865
0.099876
0.099887
0.099898
0.099909
0.09992
0.099931
0.099942
0.099953
0.099964
0.099975
0.099986
0.099997
0.100008
0.100019
0.10003
0.100041
0.100052
0.100063
0.100074
0.100085
0.100096
0.100107
0.100118
0.100129
0.10014
0.100151
0.100162
0.100173
0.100184
0.100195
0.100206
0.100217
0.100228
0.100239
0.10025
0.100261
0.100272
0.100283
0.100294
0.100305
0.100316
0.100327
0.100338
0.100349
0.10036
0.100371
0.100382
0.100393
0.100404
0.100415
0.100426
0.100437
0.100448
0.100459
0.10047
0.100481
0.100492
0.100503
0.100514
0.100525
0.100536
0.100547
0.100558
0.100569
0.10058
0.100591
0.100602
0.100613
0.100624
0.100635
0.100646
0.100657
0.100668
0.100679
0.10069
0.100701
0.100712
0.100723
0.100734
0.100745
0.100756
0.100767
0.100778
0.100789
0.1008
0.100811
0.100822
0.100833
0.100844
0.100855
0.100866
0.100877
0.100888
0.100899
0.10091
0.100921
0.100932
0.100943
0.100954
0.100965
0.100976
0.100987
0.100998
0.101009
0.10102
0.101031
0.101042
0.101053
0.101064
0.101075
0.101086
0.101097
0.101108
0.101119
0.10113
0.101141
0.101152
0.101163
0.101174
0.101185
0.101196
0.101207
0.101218
0.101229
0.10124
0.101251
0.101262
0.101273
0.101284
0.101295
0.101306
0.101317
0.101328
0.101339
0.10135
0.101361
0.101372
0.101383
0.101394
0.101405
0.101416
0.101427
0.101438
0.101449
0.10146
0.101471
0.101482
0.101493
0.101504
0.101515
0.101526
0.101537
0.101548
0.101559
0.10157
0.101581
0.101592
0.101603
0.101614
0.101625
0.101636
0.101647
0.101658
0.101669
0.10168
0.101691
0.101702
0.101713
0.101724
0.101735
0.101746
0.101757
0.101768
0.101779
0.10179
0.101801
0.101812
0.101823
0.101834
0.101845
0.101856
0.101867
0.101878
0.101889
0.1019
0.101911
0.101922
0.101933
0.101944
0.101955
0.101966
0.101977
0.101988
0.101999
0.10201
0.102021
0.102032
0.102043
0.102054
0.102065
0.102076
0.102087
0.102098
0.102109
0.10212
0.102131
0.102142
0.102153
0.102164
0.102175
0.102186
0.102197
0.102208
0.102219
0.10223
0.102241
0.102252
0.102263
0.102274
0.102285
0.102296
0.102307
0.102318
0.102329
0.10234
0.102351
0.102362
0.102373
0.102384
0.102395
0.102406
0.102417
0.102428
0.102439
0.10245
0.102461
0.102472
0.102483
0.102494
0.102505
0.102516
0.102527
0.102538
0.102549
0.10256
0.102571
0.102582
0.102593
0.102604
0.102615
0.102626
0.102637
0.102648
0.102659
0.10267
0.102681
0.102692
0.102703
0.102714
0.102725
0.102736
0.102747
0.102758
0.102769
0.10278
0.102791
0.102802
0.102813
0.102824
0.102835
0.102846
0.102857
0.102868
0.102879
0.10289
0.102901
0.102912
0.102923
0.102934
0.102945
0.102956
0.102967
0.102978
0.102989
0.103
0.103011
0.103022
0.103033
0.103044
0.103055
0.103066
0.103077
0.103088
0.103099
0.10311
0.103121
0.103132
0.103143
0.103154
0.103165
0.103176
0.103187
0.103198
0.103209
0.10322
0.103231
0.103242
0.103253
0.103264
0.103275
0.103286
0.103297
0.103308
0.103319
0.10333
0.103341
0.103352
0.103363
0.103374
0.103385
0.103396
0.103407
0.103418
0.103429
0.10344
0.103451
0.103462
0.103473
0.103484
0.103495
0.103506
0.103517
0.103528
0.103539
0.10355
0.103561
0.103572
0.103583
0.103594
0.103605
0.103616
0.103627
0.103638
0.103649
0.10366
0.103671
0.103682
0.103693
0.103704
0.103715
0.103726
0.103737
0.103748
0.103759
0.10377
0.103781
0.103792
0.103803
0.103814
0.103825
0.103836
0.103847
0.103858
0.103869
0.10388
0.103891
0.103902
0.103913
0.103924
0.103935
0.103946
0.103957
0.103968
0.103979
0.10399
0.104001
0.104012
0.104023
0.104034
0.104045
0.104056
0.104067
0.104078
0.104089
0.1041
0.104111
0.104122
0.104133
0.104144
0.104155
0.104166
0.104177
0.104188
0.104199
0.10421
0.104221
0.104232
0.104243
0.104254
0.104265
0.104276
0.104287
0.104298
0.104309
0.10432
0.104331
0.104342
0.104353
0.104364
0.104375
0.104386
0.104397
0.104408
0.104419
0.10443
0.104441
0.104452
0.104463
0.104474
0.104485
0.104496
0.104507
0.104518
0.104529
0.10454
0.104551
0.104562
0.104573
0.104584
0.104595
0.104606
0.104617
0.104628
0.104639
0.10465
0.104661
0.104672
0.104683
0.104694
0.104705
0.104716
0.104727
0.104738
0.104749
0.10476
0.104771
0.104782
0.104793
0.104804
0.104815
0.104826
0.104837
0.104848
0.104859
0.10487
0.104881
0.104892
0.104903
0.104914
0.104925
0.104936
0.104947
0.104958
0.104969
0.10498
0.104991
0.105002
0.105013
0.105024
0.105035
0.105046
0.105057
0.105068
0.105079
0.10509
0.105101
0.105112
0.105123
0.105134
0.105145
0.105156
0.105167
0.105178
0.105189
0.1052
0.105211
0.105222
0.105233
0.105244
0.105255
0.105266
0.105277
0.105288
0.105299
0.10531
0.105321
0.105332
0.105343
0.105354
0.105365
0.105376
0.105387
0.105398
0.105409
0.10542
0.105431
0.105442
0.105453
0.105464
0.105475
0.105486
0.105497
0.105508
0.105519
0.10553
0.105541
0.105552
0.105563
0.105574
0.105585
0.105596
0.105607
0.105618
0.105629
0.10564
0.105651
0.105662
0.105673
0.105684
0.105695
0.105706
0.105717
0.105728
0.105739
0.10575
0.105761
0.105772
0.105783
0.105794
0.105805
0.105816
0.105827
0.105838
0.105849
0.10586
0.105871
0.105882
0.105893
0.105904
0.105915
0.105926
0.105937
0.105948
0.105959
0.10597
0.105981
0.105992
0.106003
0.106014
0.106025
0.106036
0.106047
0.106058
0.106069
0.10608
0.106091
0.106102
0.106113
0.106124
0.106135
0.106146
0.106157
0.106168
0.106179
0.10619
0.106201
0.106212
0.106223
0.106234
0.106245
0.106256
0.106267
0.106278
0.106289
0.1063
0.106311
0.106322
0.106333
0.106344
0.106355
0.106366
0.106377
0.106388
0.106399
0.10641
0.106421
0.106432
0.106443
0.106454
0.106465
0.106476
0.106487
0.106498
0.106509
0.10652
0.106531
0.106542
0.106553
0.106564
0.106575
0.106586
0.106597
0.106608
0.106619
0.10663
0.106641
0.106652
0.106663
0.106674
0.106685
0.106696
0.106707
0.106718
0.106729
0.10674
0.106751
0.106762
0.106773
0.106784
0.106795
0.106806
0.106817
0.106828
0.106839
0.10685
0.106861
0.106872
0.106883
0.106894
0.106905
0.106916
0.106927
0.106938
0.106949
0.10696
0.106971
0.106982
0.106993
0.107004
0.107015
0.107026
0.107037
0.107048
0.107059
0.10707
0.107081
0.107092
0.107103
0.107114
0.107125
0.107136
0.107147
0.107158
0.107169
0.10718
0.107191
0.107202
0.107213
0.107224
0.107235
0.107246
0.107257
0.107268
0.107279
0.10729
0.107301
0.107312
0.107323
0.107334
0.107345
0.107356
0.107367
0.107378
0.107389
0.1074
0.107411
0.107422
0.107433
0.107444
0.107455
0.107466
0.107477
0.107488
0.107499
0.10751
0.107521
0.107532
0.107543
0.107554
0.107565
0.107576
0.107587
0.107598
0.107609
0.10762
0.107631
0.107642
0.107653
0.107664
0.107675
0.107686
0.107697
0.107708
0.107719
0.10773
0.107741
0.107752
0.107763
0.107774
0.107785
0.107796
0.107807
0.107818
0.107829
0.10784
0.107851
0.107862
0.107873
0.107884
0.107895
0.107906
0.107917
0.107928
0.107939
0.10795
0.107961
0.107972
0.107983
0.107994
0.108005
0.108016
0.108027
0.108038
0.108049
0.10806
0.108071
0.108082
0.108093
0.108104
0.108115
0.108126
0.108137
0.108148
0.108159
0.10817
0.108181
0.108192
0.108203
0.108214
0.108225
0.108236
0.108247
0.108258
0.108269
0.10828
0.108291
0.108302
0.108313
0.108324
0.108335
0.108346
0.108357
0.108368
0.108379
0.10839
0.108401
0.108412
0.108423
0.108434
0.108445
0.108456
0.108467
0.108478
0.108489
0.1085
0.108511
0.108522
0.108533
0.108544
0.108555
0.108566
0.108577
0.108588
0.108599
0.10861
0.108621
0.108632
0.108643
0.108654
0.108665
0.108676
0.108687
0.108698
0.108709
0.10872
0.108731
0.108742
0.108753
0.108764
0.108775
0.108786
0.108797
0.108808
0.108819
0.10883
0.108841
0.108852
0.108863
0.108874
0.108885
0.108896
0.108907
0.108918
0.108929
0.10894
0.108951
0.108962
0.108973
0.108984
0.108995
0.109006
0.109017
0.109028
0.109039
0.10905
0.109061
0.109072
0.109083
0.109094
0.109105
0.109116
0.109127
0.109138
0.109149
0.10916
0.109171
0.109182
0.109193
0.109204
0.109215
0.109226
0.109237
0.109248
0.109259
0.10927
0.109281
0.109292
0.109303
0.109314
0.109325
0.109336
0.109347
0.109358
0.109369
0.10938
0.109391
0.109402
0.109413
0.109424
0.109435
0.109446
0.109457
0.109468
0.109479
0.10949
0.109501
0.109512
0.109523
0.109534
0.109545
0.109556
0.109567
0.109578
0.109589
0.1096
0.109611
0.109622
0.109633
0.109644
0.109655
0.109666
0.109677
0.109688
0.109699
0.10971
0.109721
0.109732
0.109743
0.109754
0.109765
0.109776
0.109787
0.109798
0.109809
0.10982
0.109831
0.109842
0.109853
0.109864
0.109875
0.109886
0.109897
0.109908
0.109919
0.10993
0.109941
0.109952
0.109963
0.109974
0.109985
0.109996
0.110007
0.110018
0.110029
0.11004
0.110051
0.110062
0.110073
0.110084
0.110095
0.110106
0.110117
0.110128
0.110139
0.11015
0.110161
0.110172
0.110183
0.110194
0.110205
0.110216
0.110227
0.110238
0.110249
0.11026
0.110271
0.110282
0.110293
0.110304
0.110315
0.110326
0.110337
0.110348
0.110359
0.11037
0.110381
0.110392
0.110403
0.110414
0.110425
0.110436
0.110447
0.110458
0.110469
0.11048
0.110491
0.110502
0.110513
0.110524
0.110535
0.110546
0.110557
0.110568
0.110579
0.11059
0.110601
0.110612
0.110623
0.110634
0.110645
0.110656
0.110667
0.110678
0.110689
0.1107
0.110711
0.110722
0.110733
0.110744
0.110755
0.110766
0.110777
0.110788
0.110799
0.11081
0.110821
0.110832
0.110843
0.110854
0.110865
0.110876
0.110887
0.110898
0.110909
0.11092
0.110931
0.110942
0.110953
0.110964
0.110975
0.110986
0.110997
0.111008
0.111019
0.11103
0.111041
0.111052
0.111063
0.111074
0.111085
0.111096
0.111107
0.111118
0.111129
0.11114
0.111151
0.111162
0.111173
0.111184
0.111195
0.111206
0.111217
0.111228
0.111239
0.11125
0.111261
0.111272
0.111283
0.111294
0.111305
0.111316
0.111327
0.111338
0.111349
0.11136
0.111371
0.111382
0.111393
0.111404
0.111415
0.111426
0.111437
0.111448
0.111459
0.11147
0.111481
0.111492
0.111503
0.111514
0.111525
0.111536
0.111547
0.111558
0.111569
0.11158
0.111591
0.111602
0.111613
0.111624
0.111635
0.111646
0.111657
0.111668
0.111679
0.11169
0.111701
0.111712
0.111723
0.111734
0.111745
0.111756
0.111767
0.111778
0.111789
0.1118
0.111811
0.111822
0.111833
0.111844
0.111855
0.111866
0.111877
0.111888
0.111899
0.11191
0.111921
0.111932
0.111943
0.111954
0.111965
0.111976
0.111987
0.111998
0.112009
0.11202
0.112031
0.112042
0.112053
0.112064
0.112075
0.112086
0.112097
0.112108
0.112119
0.11213
0.112141
0.112152
0.112163
0.112174
0.112185
0.112196
0.112207
0.112218
0.112229
0.11224
0.112251
0.112262
0.112273
0.112284
0.112295
0.112306
0.112317
0.112328
0.112339
0.11235
0.112361
0.112372
0.112383
0.112394
0.112405
0.112416
0.112427
0.112438
0.112449
0.11246
0.112471
0.112482
0.112493
0.112504
0.112515
0.112526
0.112537
0.112548
0.112559
0.11257
0.112581
0.112592
0.112603
0.112614
0.112625
0.112636
0.112647
0.112658
0.112669
0.11268
0.112691
0.112702
0.112713
0.112724
0.112735
0.112746
0.112757
0.112768
0.112779
0.11279
0.112801
0.112812
0.112823
0.112834
0.112845
0.112856
0.112867
0.112878
0.112889
0.1129
0.112911
0.112922
0.112933
0.112944
0.112955
0.112966
0.112977
0.112988
0.112999
0.11301
0.113021
0.113032
0.113043
0.113054
0.113065
0.113076
0.113087
0.113098
0.113109
0.11312
0.113131
0.113142
0.113153
0.113164
0.113175
0.113186
0.113197
0.113208
0.113219
0.11323
0.113241
0.113252
0.113263
0.113274
0.113285
0.113296
0.113307
0.113318
0.113329
0.11334
0.113351
0.113362
0.113373
0.113384
0.113395
0.113406
0.113417
0.113428
0.113439
0.11345
0.113461
0.113472
0.113483
0.113494
0.113505
0.113516
0.113527
0.113538
0.113549
0.11356
0.113571
0.113582
0.113593
0.113604
0.113615
0.113626
0.113637
0.113648
0.113659
0.11367
0.113681
0.113692
0.113703
0.113714
0.113725
0.113736
0.113747
0.113758
0.113769
0.11378
0.113791
0.113802
0.113813
0.113824
0.113835
0.113846
0.113857
0.113868
0.113879
0.11389
0.113901
0.113912
0.113923
0.113934
0.113945
0.113956
0.113967
0.113978
0.113989
0.114
0.114011
0.114022
0.114033
0.114044
0.114055
0.114066
0.114077
0.114088
0.114099
0.11411
0.114121
0.114132
0.114143
0.114154
0.114165
0.114176
0.114187
0.114198
0.114209
0.11422
0.114231
0.114242
0.114253
0.114264
0.114275
0.114286
0.114297
0.114308
0.114319
0.11433
0.114341
0.114352
0.114363
0.114374
0.114385
0.114396
0.114407
0.114418
0.114429
0.11444
0.114451
0.114462
0.114473
0.114484
0.114495
0.114506
0.114517
0.114528
0.114539
0.11455
0.114561
0.114572
0.114583
0.114594
0.114605
0.114616
0.114627
0.114638
0.114649
0.11466
0.114671
0.114682
0.114693
0.114704
0.114715
0.114726
0.114737
0.114748
0.114759
0.11477
0.114781
0.114792
0.114803
0.114814
0.114825
